1.00 31.82 1.00 31.82 1.00 31.82 1.00 31.82 1.00 31.82 1.00 31.82 1.00 31.82 1.00 31.82 1.00 31.82 1.00 31.82 1.00 31.82 1.00 31.82 1.00 31.82 1.00 31.82 1.00 31.82 1.00 31.82 1.00 31.82 1.00 31.82 1.00 31.82 1.00 31.82 1.00 31.82 1.00 31.82 1.00 31.82 1.00 31.82 1.00 31.82 1.00 31.82 1.00 31.82 1.00 31.82 1.00 31.82 1.00 31.82 1.00 31.82 1.00 31.82 1.00 31.82 1.00 31.82 1.00 31.82 1.00 31.82 1.00 31.82 1.00 31.82 1.00 31.82 1.00 31.82 1.00 31.82 1.00 31.82 1.00 31.82 1.00 31.82 1.00 31.82 1.00 31.82 1.00 31.82 1.00 31.82 1.00 31.82 1.00 31.82 
25.00 -0.00 25.00 -0.00 25.00 -0.00 25.00 -0.00 25.00 -0.00 25.00 -0.00 25.00 -0.00 25.00 -0.00 25.00 -0.00 25.00 -0.00 25.00 -0.00 25.00 -0.00 25.00 -0.00 25.00 -0.00 25.00 -0.00 25.00 -0.00 25.00 -0.00 25.00 -0.00 25.00 -0.00 25.00 -0.00 25.00 -0.00 25.00 -0.00 25.00 -0.00 25.00 -0.00 25.00 -0.00 25.00 -0.00 25.00 -0.00 25.00 -0.00 25.00 -0.00 25.00 -0.00 25.00 -0.00 25.00 -0.00 25.00 -0.00 25.00 -0.00 25.00 -0.00 25.00 -0.00 25.00 -0.00 25.00 -0.00 25.00 -0.00 25.00 -0.00 25.00 -0.00 25.00 -0.00 25.00 -0.00 25.00 -0.00 25.00 -0.00 25.00 -0.00 25.00 -0.00 25.00 -0.00 25.00 -0.00 25.00 -0.00 
1.00 -10.62 1.00 -10.62 1.00 -10.62 1.00 -10.62 1.00 -10.62 1.00 -10.62 1.00 -10.62 1.00 -10.62 1.00 -10.62 1.00 -10.62 1.00 -10.62 1.00 -10.62 1.00 -10.62 1.00 -10.62 1.00 -10.62 1.00 -10.62 1.00 -10.62 1.00 -10.62 1.00 -10.62 1.00 -10.62 1.00 -10.62 1.00 -10.62 1.00 -10.62 1.00 -10.62 1.00 -10.62 1.00 -10.62 1.00 -10.62 1.00 -10.62 1.00 -10.62 1.00 -10.62 1.00 -10.62 1.00 -10.62 1.00 -10.62 1.00 -10.62 1.00 -10.62 1.00 -10.62 1.00 -10.62 1.00 -10.62 1.00 -10.62 1.00 -10.62 1.00 -10.62 1.00 -10.62 1.00 -10.62 1.00 -10.62 1.00 -10.62 1.00 -10.62 1.00 -10.62 1.00 -10.62 1.00 -10.62 1.00 -10.62 
0.00 -0.00 0.00 -0.00 0.00 -0.00 0.00 -0.00 0.00 -0.00 0.00 -0.00 0.00 -0.00 0.00 -0.00 0.00 -0.00 0.00 -0.00 0.00 -0.00 0.00 -0.00 0.00 -0.00 0.00 -0.00 0.00 -0.00 0.00 -0.00 0.00 -0.00 0.00 -0.00 0.00 -0.00 0.00 -0.00 0.00 -0.00 0.00 -0.00 0.00 -0.00 0.00 -0.00 0.00 -0.00 0.00 -0.00 0.00 -0.00 0.00 -0.00 0.00 -0.00 0.00 -0.00 0.00 -0.00 0.00 -0.00 0.00 -0.00 0.00 -0.00 0.00 -0.00 0.00 -0.00 0.00 -0.00 0.00 -0.00 0.00 -0.00 0.00 -0.00 0.00 -0.00 0.00 -0.00 0.00 -0.00 0.00 -0.00 0.00 -0.00 0.00 -0.00 0.00 -0.00 0.00 -0.00 0.00 -0.00 0.00 -0.00 
1.00 -2.13 1.00 -2.13 1.00 -2.13 1.00 -2.13 1.00 -2.13 1.00 -2.13 1.00 -2.13 1.00 -2.13 1.00 -2.13 1.00 -2.13 1.00 -2.13 1.00 -2.13 1.00 -2.13 1.00 -2.13 1.00 -2.13 1.00 -2.13 1.00 -2.13 1.00 -2.13 1.00 -2.13 1.00 -2.13 1.00 -2.13 1.00 -2.13 1.00 -2.13 1.00 -2.13 1.00 -2.13 1.00 -2.13 1.00 -2.13 1.00 -2.13 1.00 -2.13 1.00 -2.13 1.00 -2.13 1.00 -2.13 1.00 -2.13 1.00 -2.13 1.00 -2.13 1.00 -2.13 1.00 -2.13 1.00 -2.13 1.00 -2.13 1.00 -2.13 1.00 -2.13 1.00 -2.13 1.00 -2.13 1.00 -2.13 1.00 -2.13 1.00 -2.13 1.00 -2.13 1.00 -2.13 1.00 -2.13 1.00 -2.13 
0.00 0.00 0.00 0.00 0.00 0.00 0.00 0.00 0.00 0.00 0.00 0.00 0.00 0.00 0.00 0.00 0.00 0.00 0.00 0.00 0.00 0.00 0.00 0.00 0.00 0.00 0.00 0.00 0.00 0.00 0.00 0.00 0.00 0.00 0.00 0.00 0.00 0.00 0.00 0.00 0.00 0.00 0.00 0.00 0.00 0.00 0.00 0.00 0.00 0.00 0.00 0.00 0.00 0.00 0.00 0.00 0.00 0.00 0.00 0.00 0.00 0.00 0.00 0.00 0.00 0.00 0.00 0.00 0.00 0.00 0.00 0.00 0.00 0.00 0.00 0.00 0.00 0.00 0.00 0.00 0.00 0.00 0.00 0.00 0.00 0.00 0.00 0.00 0.00 0.00 0.00 0.00 0.00 0.00 0.00 0.00 0.00 0.00 0.00 0.00 
1.00 -0.92 1.00 -0.92 1.00 -0.92 1.00 -0.92 1.00 -0.92 1.00 -0.92 1.00 -0.92 1.00 -0.92 1.00 -0.92 1.00 -0.92 1.00 -0.92 1.00 -0.92 1.00 -0.92 1.00 -0.92 1.00 -0.92 1.00 -0.92 1.00 -0.92 1.00 -0.92 1.00 -0.92 1.00 -0.92 1.00 -0.92 1.00 -0.92 1.00 -0.92 1.00 -0.92 1.00 -0.92 1.00 -0.92 1.00 -0.92 1.00 -0.92 1.00 -0.92 1.00 -0.92 1.00 -0.92 1.00 -0.92 1.00 -0.92 1.00 -0.92 1.00 -0.92 1.00 -0.92 1.00 -0.92 1.00 -0.92 1.00 -0.92 1.00 -0.92 1.00 -0.92 1.00 -0.92 1.00 -0.92 1.00 -0.92 1.00 -0.92 1.00 -0.92 1.00 -0.92 1.00 -0.92 1.00 -0.92 1.00 -0.92 
0.00 -0.00 0.00 -0.00 0.00 -0.00 0.00 -0.00 0.00 -0.00 0.00 -0.00 0.00 -0.00 0.00 -0.00 0.00 -0.00 0.00 -0.00 0.00 -0.00 0.00 -0.00 0.00 -0.00 0.00 -0.00 0.00 -0.00 0.00 -0.00 0.00 -0.00 0.00 -0.00 0.00 -0.00 0.00 -0.00 0.00 -0.00 0.00 -0.00 0.00 -0.00 0.00 -0.00 0.00 -0.00 0.00 -0.00 0.00 -0.00 0.00 -0.00 0.00 -0.00 0.00 -0.00 0.00 -0.00 0.00 -0.00 0.00 -0.00 0.00 -0.00 0.00 -0.00 0.00 -0.00 0.00 -0.00 0.00 -0.00 0.00 -0.00 0.00 -0.00 0.00 -0.00 0.00 -0.00 0.00 -0.00 0.00 -0.00 0.00 -0.00 0.00 -0.00 0.00 -0.00 0.00 -0.00 0.00 -0.00 0.00 -0.00 
1.00 -0.52 1.00 -0.52 1.00 -0.52 1.00 -0.52 1.00 -0.52 1.00 -0.52 1.00 -0.52 1.00 -0.52 1.00 -0.52 1.00 -0.52 1.00 -0.52 1.00 -0.52 1.00 -0.52 1.00 -0.52 1.00 -0.52 1.00 -0.52 1.00 -0.52 1.00 -0.52 1.00 -0.52 1.00 -0.52 1.00 -0.52 1.00 -0.52 1.00 -0.52 1.00 -0.52 1.00 -0.52 1.00 -0.52 1.00 -0.52 1.00 -0.52 1.00 -0.52 1.00 -0.52 1.00 -0.52 1.00 -0.52 1.00 -0.52 1.00 -0.52 1.00 -0.52 1.00 -0.52 1.00 -0.52 1.00 -0.52 1.00 -0.52 1.00 -0.52 1.00 -0.52 1.00 -0.52 1.00 -0.52 1.00 -0.52 1.00 -0.52 1.00 -0.52 1.00 -0.52 1.00 -0.52 1.00 -0.52 1.00 -0.52 
0.00 -0.00 0.00 -0.00 0.00 -0.00 0.00 -0.00 0.00 -0.00 0.00 -0.00 0.00 -0.00 0.00 -0.00 0.00 -0.00 0.00 -0.00 0.00 -0.00 0.00 -0.00 0.00 -0.00 0.00 -0.00 0.00 -0.00 0.00 -0.00 0.00 -0.00 0.00 -0.00 0.00 -0.00 0.00 -0.00 0.00 -0.00 0.00 -0.00 0.00 -0.00 0.00 -0.00 0.00 -0.00 0.00 -0.00 0.00 -0.00 0.00 -0.00 0.00 -0.00 0.00 -0.00 0.00 -0.00 0.00 -0.00 0.00 -0.00 0.00 -0.00 0.00 -0.00 0.00 -0.00 0.00 -0.00 0.00 -0.00 0.00 -0.00 0.00 -0.00 0.00 -0.00 0.00 -0.00 0.00 -0.00 0.00 -0.00 0.00 -0.00 0.00 -0.00 0.00 -0.00 0.00 -0.00 0.00 -0.00 0.00 -0.00 
1.00 -0.33 1.00 -0.33 1.00 -0.33 1.00 -0.33 1.00 -0.33 1.00 -0.33 1.00 -0.33 1.00 -0.33 1.00 -0.33 1.00 -0.33 1.00 -0.33 1.00 -0.33 1.00 -0.33 1.00 -0.33 1.00 -0.33 1.00 -0.33 1.00 -0.33 1.00 -0.33 1.00 -0.33 1.00 -0.33 1.00 -0.33 1.00 -0.33 1.00 -0.33 1.00 -0.33 1.00 -0.33 1.00 -0.33 1.00 -0.33 1.00 -0.33 1.00 -0.33 1.00 -0.33 1.00 -0.33 1.00 -0.33 1.00 -0.33 1.00 -0.33 1.00 -0.33 1.00 -0.33 1.00 -0.33 1.00 -0.33 1.00 -0.33 1.00 -0.33 1.00 -0.33 1.00 -0.33 1.00 -0.33 1.00 -0.33 1.00 -0.33 1.00 -0.33 1.00 -0.33 1.00 -0.33 1.00 -0.33 1.00 -0.33 
0.00 -0.00 0.00 -0.00 0.00 -0.00 0.00 -0.00 0.00 -0.00 0.00 -0.00 0.00 -0.00 0.00 -0.00 0.00 -0.00 0.00 -0.00 0.00 -0.00 0.00 -0.00 0.00 -0.00 0.00 -0.00 0.00 -0.00 0.00 -0.00 0.00 -0.00 0.00 -0.00 0.00 -0.00 0.00 -0.00 0.00 -0.00 0.00 -0.00 0.00 -0.00 0.00 -0.00 0.00 -0.00 0.00 -0.00 0.00 -0.00 0.00 -0.00 0.00 -0.00 0.00 -0.00 0.00 -0.00 0.00 -0.00 0.00 -0.00 0.00 -0.00 0.00 -0.00 0.00 -0.00 0.00 -0.00 0.00 -0.00 0.00 -0.00 0.00 -0.00 0.00 -0.00 0.00 -0.00 0.00 -0.00 0.00 -0.00 0.00 -0.00 0.00 -0.00 0.00 -0.00 0.00 -0.00 0.00 -0.00 0.00 -0.00 
1.00 -0.23 1.00 -0.23 1.00 -0.23 1.00 -0.23 1.00 -0.23 1.00 -0.23 1.00 -0.23 1.00 -0.23 1.00 -0.23 1.00 -0.23 1.00 -0.23 1.00 -0.23 1.00 -0.23 1.00 -0.23 1.00 -0.23 1.00 -0.23 1.00 -0.23 1.00 -0.23 1.00 -0.23 1.00 -0.23 1.00 -0.23 1.00 -0.23 1.00 -0.23 1.00 -0.23 1.00 -0.23 1.00 -0.23 1.00 -0.23 1.00 -0.23 1.00 -0.23 1.00 -0.23 1.00 -0.23 1.00 -0.23 1.00 -0.23 1.00 -0.23 1.00 -0.23 1.00 -0.23 1.00 -0.23 1.00 -0.23 1.00 -0.23 1.00 -0.23 1.00 -0.23 1.00 -0.23 1.00 -0.23 1.00 -0.23 1.00 -0.23 1.00 -0.23 1.00 -0.23 1.00 -0.23 1.00 -0.23 1.00 -0.23 
0.00 -0.00 0.00 -0.00 0.00 -0.00 0.00 -0.00 0.00 -0.00 0.00 -0.00 0.00 -0.00 0.00 -0.00 0.00 -0.00 0.00 -0.00 0.00 -0.00 0.00 -0.00 0.00 -0.00 0.00 -0.00 0.00 -0.00 0.00 -0.00 0.00 -0.00 0.00 -0.00 0.00 -0.00 0.00 -0.00 0.00 -0.00 0.00 -0.00 0.00 -0.00 0.00 -0.00 0.00 -0.00 0.00 -0.00 0.00 -0.00 0.00 -0.00 0.00 -0.00 0.00 -0.00 0.00 -0.00 0.00 -0.00 0.00 -0.00 0.00 -0.00 0.00 -0.00 0.00 -0.00 0.00 -0.00 0.00 -0.00 0.00 -0.00 0.00 -0.00 0.00 -0.00 0.00 -0.00 0.00 -0.00 0.00 -0.00 0.00 -0.00 0.00 -0.00 0.00 -0.00 0.00 -0.00 0.00 -0.00 0.00 -0.00 
1.00 -0.17 1.00 -0.17 1.00 -0.17 1.00 -0.17 1.00 -0.17 1.00 -0.17 1.00 -0.17 1.00 -0.17 1.00 -0.17 1.00 -0.17 1.00 -0.17 1.00 -0.17 1.00 -0.17 1.00 -0.17 1.00 -0.17 1.00 -0.17 1.00 -0.17 1.00 -0.17 1.00 -0.17 1.00 -0.17 1.00 -0.17 1.00 -0.17 1.00 -0.17 1.00 -0.17 1.00 -0.17 1.00 -0.17 1.00 -0.17 1.00 -0.17 1.00 -0.17 1.00 -0.17 1.00 -0.17 1.00 -0.17 1.00 -0.17 1.00 -0.17 1.00 -0.17 1.00 -0.17 1.00 -0.17 1.00 -0.17 1.00 -0.17 1.00 -0.17 1.00 -0.17 1.00 -0.17 1.00 -0.17 1.00 -0.17 1.00 -0.17 1.00 -0.17 1.00 -0.17 1.00 -0.17 1.00 -0.17 1.00 -0.17 
0.00 0.00 0.00 0.00 0.00 0.00 0.00 0.00 0.00 0.00 0.00 0.00 0.00 0.00 0.00 0.00 0.00 0.00 0.00 0.00 0.00 0.00 0.00 0.00 0.00 0.00 0.00 0.00 0.00 0.00 0.00 0.00 0.00 0.00 0.00 0.00 0.00 0.00 0.00 0.00 0.00 0.00 0.00 0.00 0.00 0.00 0.00 0.00 0.00 0.00 0.00 0.00 0.00 0.00 0.00 0.00 0.00 0.00 0.00 0.00 0.00 0.00 0.00 0.00 0.00 0.00 0.00 0.00 0.00 0.00 0.00 0.00 0.00 0.00 0.00 0.00 0.00 0.00 0.00 0.00 0.00 0.00 0.00 0.00 0.00 0.00 0.00 0.00 0.00 0.00 0.00 0.00 0.00 0.00 0.00 0.00 0.00 0.00 0.00 0.00 
1.00 -0.14 1.00 -0.14 1.00 -0.14 1.00 -0.14 1.00 -0.14 1.00 -0.14 1.00 -0.14 1.00 -0.14 1.00 -0.14 1.00 -0.14 1.00 -0.14 1.00 -0.14 1.00 -0.14 1.00 -0.14 1.00 -0.14 1.00 -0.14 1.00 -0.14 1.00 -0.14 1.00 -0.14 1.00 -0.14 1.00 -0.14 1.00 -0.14 1.00 -0.14 1.00 -0.14 1.00 -0.14 1.00 -0.14 1.00 -0.14 1.00 -0.14 1.00 -0.14 1.00 -0.14 1.00 -0.14 1.00 -0.14 1.00 -0.14 1.00 -0.14 1.00 -0.14 1.00 -0.14 1.00 -0.14 1.00 -0.14 1.00 -0.14 1.00 -0.14 1.00 -0.14 1.00 -0.14 1.00 -0.14 1.00 -0.14 1.00 -0.14 1.00 -0.14 1.00 -0.14 1.00 -0.14 1.00 -0.14 1.00 -0.14 
0.00 0.00 0.00 0.00 0.00 0.00 0.00 0.00 0.00 0.00 0.00 0.00 0.00 0.00 0.00 0.00 0.00 0.00 0.00 0.00 0.00 0.00 0.00 0.00 0.00 0.00 0.00 0.00 0.00 0.00 0.00 0.00 0.00 0.00 0.00 0.00 0.00 0.00 0.00 0.00 0.00 0.00 0.00 0.00 0.00 0.00 0.00 0.00 0.00 0.00 0.00 0.00 0.00 0.00 0.00 0.00 0.00 0.00 0.00 0.00 0.00 0.00 0.00 0.00 0.00 0.00 0.00 0.00 0.00 0.00 0.00 0.00 0.00 0.00 0.00 0.00 0.00 0.00 0.00 0.00 0.00 0.00 0.00 0.00 0.00 0.00 0.00 0.00 0.00 0.00 0.00 0.00 0.00 0.00 0.00 0.00 0.00 0.00 0.00 0.00 
1.00 -0.11 1.00 -0.11 1.00 -0.11 1.00 -0.11 1.00 -0.11 1.00 -0.11 1.00 -0.11 1.00 -0.11 1.00 -0.11 1.00 -0.11 1.00 -0.11 1.00 -0.11 1.00 -0.11 1.00 -0.11 1.00 -0.11 1.00 -0.11 1.00 -0.11 1.00 -0.11 1.00 -0.11 1.00 -0.11 1.00 -0.11 1.00 -0.11 1.00 -0.11 1.00 -0.11 1.00 -0.11 1.00 -0.11 1.00 -0.11 1.00 -0.11 1.00 -0.11 1.00 -0.11 1.00 -0.11 1.00 -0.11 1.00 -0.11 1.00 -0.11 1.00 -0.11 1.00 -0.11 1.00 -0.11 1.00 -0.11 1.00 -0.11 1.00 -0.11 1.00 -0.11 1.00 -0.11 1.00 -0.11 1.00 -0.11 1.00 -0.11 1.00 -0.11 1.00 -0.11 1.00 -0.11 1.00 -0.11 1.00 -0.11 
0.00 0.00 0.00 0.00 0.00 0.00 0.00 0.00 0.00 0.00 0.00 0.00 0.00 0.00 0.00 0.00 0.00 0.00 0.00 0.00 0.00 0.00 0.00 0.00 0.00 0.00 0.00 0.00 0.00 0.00 0.00 0.00 0.00 0.00 0.00 0.00 0.00 0.00 0.00 0.00 0.00 0.00 0.00 0.00 0.00 0.00 0.00 0.00 0.00 0.00 0.00 0.00 0.00 0.00 0.00 0.00 0.00 0.00 0.00 0.00 0.00 0.00 0.00 0.00 0.00 0.00 0.00 0.00 0.00 0.00 0.00 0.00 0.00 0.00 0.00 0.00 0.00 0.00 0.00 0.00 0.00 0.00 0.00 0.00 0.00 0.00 0.00 0.00 0.00 0.00 0.00 0.00 0.00 0.00 0.00 0.00 0.00 0.00 0.00 0.00 
1.00 -0.09 1.00 -0.09 1.00 -0.09 1.00 -0.09 1.00 -0.09 1.00 -0.09 1.00 -0.09 1.00 -0.09 1.00 -0.09 1.00 -0.09 1.00 -0.09 1.00 -0.09 1.00 -0.09 1.00 -0.09 1.00 -0.09 1.00 -0.09 1.00 -0.09 1.00 -0.09 1.00 -0.09 1.00 -0.09 1.00 -0.09 1.00 -0.09 1.00 -0.09 1.00 -0.09 1.00 -0.09 1.00 -0.09 1.00 -0.09 1.00 -0.09 1.00 -0.09 1.00 -0.09 1.00 -0.09 1.00 -0.09 1.00 -0.09 1.00 -0.09 1.00 -0.09 1.00 -0.09 1.00 -0.09 1.00 -0.09 1.00 -0.09 1.00 -0.09 1.00 -0.09 1.00 -0.09 1.00 -0.09 1.00 -0.09 1.00 -0.09 1.00 -0.09 1.00 -0.09 1.00 -0.09 1.00 -0.09 1.00 -0.09 
-0.00 -0.00 -0.00 -0.00 -0.00 -0.00 -0.00 -0.00 -0.00 -0.00 -0.00 -0.00 -0.00 -0.00 -0.00 -0.00 -0.00 -0.00 -0.00 -0.00 -0.00 -0.00 -0.00 -0.00 -0.00 -0.00 -0.00 -0.00 -0.00 -0.00 -0.00 -0.00 -0.00 -0.00 -0.00 -0.00 -0.00 -0.00 -0.00 -0.00 -0.00 -0.00 -0.00 -0.00 -0.00 -0.00 -0.00 -0.00 -0.00 -0.00 -0.00 -0.00 -0.00 -0.00 -0.00 -0.00 -0.00 -0.00 -0.00 -0.00 -0.00 -0.00 -0.00 -0.00 -0.00 -0.00 -0.00 -0.00 -0.00 -0.00 -0.00 -0.00 -0.00 -0.00 -0.00 -0.00 -0.00 -0.00 -0.00 -0.00 -0.00 -0.00 -0.00 -0.00 -0.00 -0.00 -0.00 -0.00 -0.00 -0.00 -0.00 -0.00 -0.00 -0.00 -0.00 -0.00 -0.00 -0.00 -0.00 -0.00 
1.00 -0.08 1.00 -0.08 1.00 -0.08 1.00 -0.08 1.00 -0.08 1.00 -0.08 1.00 -0.08 1.00 -0.08 1.00 -0.08 1.00 -0.08 1.00 -0.08 1.00 -0.08 1.00 -0.08 1.00 -0.08 1.00 -0.08 1.00 -0.08 1.00 -0.08 1.00 -0.08 1.00 -0.08 1.00 -0.08 1.00 -0.08 1.00 -0.08 1.00 -0.08 1.00 -0.08 1.00 -0.08 1.00 -0.08 1.00 -0.08 1.00 -0.08 1.00 -0.08 1.00 -0.08 1.00 -0.08 1.00 -0.08 1.00 -0.08 1.00 -0.08 1.00 -0.08 1.00 -0.08 1.00 -0.08 1.00 -0.08 1.00 -0.08 1.00 -0.08 1.00 -0.08 1.00 -0.08 1.00 -0.08 1.00 -0.08 1.00 -0.08 1.00 -0.08 1.00 -0.08 1.00 -0.08 1.00 -0.08 1.00 -0.08 
0.00 0.00 0.00 0.00 0.00 0.00 0.00 0.00 0.00 0.00 0.00 0.00 0.00 0.00 0.00 0.00 0.00 0.00 0.00 0.00 0.00 0.00 0.00 0.00 0.00 0.00 0.00 0.00 0.00 0.00 0.00 0.00 0.00 0.00 0.00 0.00 0.00 0.00 0.00 0.00 0.00 0.00 0.00 0.00 0.00 0.00 0.00 0.00 0.00 0.00 0.00 0.00 0.00 0.00 0.00 0.00 0.00 0.00 0.00 0.00 0.00 0.00 0.00 0.00 0.00 0.00 0.00 0.00 0.00 0.00 0.00 0.00 0.00 0.00 0.00 0.00 0.00 0.00 0.00 0.00 0.00 0.00 0.00 0.00 0.00 0.00 0.00 0.00 0.00 0.00 0.00 0.00 0.00 0.00 0.00 0.00 0.00 0.00 0.00 0.00 
1.00 -0.07 1.00 -0.07 1.00 -0.07 1.00 -0.07 1.00 -0.07 1.00 -0.07 1.00 -0.07 1.00 -0.07 1.00 -0.07 1.00 -0.07 1.00 -0.07 1.00 -0.07 1.00 -0.07 1.00 -0.07 1.00 -0.07 1.00 -0.07 1.00 -0.07 1.00 -0.07 1.00 -0.07 1.00 -0.07 1.00 -0.07 1.00 -0.07 1.00 -0.07 1.00 -0.07 1.00 -0.07 1.00 -0.07 1.00 -0.07 1.00 -0.07 1.00 -0.07 1.00 -0.07 1.00 -0.07 1.00 -0.07 1.00 -0.07 1.00 -0.07 1.00 -0.07 1.00 -0.07 1.00 -0.07 1.00 -0.07 1.00 -0.07 1.00 -0.07 1.00 -0.07 1.00 -0.07 1.00 -0.07 1.00 -0.07 1.00 -0.07 1.00 -0.07 1.00 -0.07 1.00 -0.07 1.00 -0.07 1.00 -0.07 
-0.00 0.00 -0.00 0.00 -0.00 0.00 -0.00 0.00 -0.00 0.00 -0.00 0.00 -0.00 0.00 -0.00 0.00 -0.00 0.00 -0.00 0.00 -0.00 0.00 -0.00 0.00 -0.00 0.00 -0.00 0.00 -0.00 0.00 -0.00 0.00 -0.00 0.00 -0.00 0.00 -0.00 0.00 -0.00 0.00 -0.00 0.00 -0.00 0.00 -0.00 0.00 -0.00 0.00 -0.00 0.00 -0.00 0.00 -0.00 0.00 -0.00 0.00 -0.00 0.00 -0.00 0.00 -0.00 0.00 -0.00 0.00 -0.00 0.00 -0.00 0.00 -0.00 0.00 -0.00 0.00 -0.00 0.00 -0.00 0.00 -0.00 0.00 -0.00 0.00 -0.00 0.00 -0.00 0.00 -0.00 0.00 -0.00 0.00 -0.00 0.00 -0.00 0.00 -0.00 0.00 -0.00 0.00 -0.00 0.00 -0.00 0.00 
1.00 -0.06 1.00 -0.06 1.00 -0.06 1.00 -0.06 1.00 -0.06 1.00 -0.06 1.00 -0.06 1.00 -0.06 1.00 -0.06 1.00 -0.06 1.00 -0.06 1.00 -0.06 1.00 -0.06 1.00 -0.06 1.00 -0.06 1.00 -0.06 1.00 -0.06 1.00 -0.06 1.00 -0.06 1.00 -0.06 1.00 -0.06 1.00 -0.06 1.00 -0.06 1.00 -0.06 1.00 -0.06 1.00 -0.06 1.00 -0.06 1.00 -0.06 1.00 -0.06 1.00 -0.06 1.00 -0.06 1.00 -0.06 1.00 -0.06 1.00 -0.06 1.00 -0.06 1.00 -0.06 1.00 -0.06 1.00 -0.06 1.00 -0.06 1.00 -0.06 1.00 -0.06 1.00 -0.06 1.00 -0.06 1.00 -0.06 1.00 -0.06 1.00 -0.06 1.00 -0.06 1.00 -0.06 1.00 -0.06 1.00 -0.06 
0.00 -0.00 0.00 -0.00 0.00 -0.00 0.00 -0.00 0.00 -0.00 0.00 -0.00 0.00 -0.00 0.00 -0.00 0.00 -0.00 0.00 -0.00 0.00 -0.00 0.00 -0.00 0.00 -0.00 0.00 -0.00 0.00 -0.00 0.00 -0.00 0.00 -0.00 0.00 -0.00 0.00 -0.00 0.00 -0.00 0.00 -0.00 0.00 -0.00 0.00 -0.00 0.00 -0.00 0.00 -0.00 0.00 -0.00 0.00 -0.00 0.00 -0.00 0.00 -0.00 0.00 -0.00 0.00 -0.00 0.00 -0.00 0.00 -0.00 0.00 -0.00 0.00 -0.00 0.00 -0.00 0.00 -0.00 0.00 -0.00 0.00 -0.00 0.00 -0.00 0.00 -0.00 0.00 -0.00 0.00 -0.00 0.00 -0.00 0.00 -0.00 0.00 -0.00 0.00 -0.00 0.00 -0.00 0.00 -0.00 0.00 -0.00 
1.00 -0.05 1.00 -0.05 1.00 -0.05 1.00 -0.05 1.00 -0.05 1.00 -0.05 1.00 -0.05 1.00 -0.05 1.00 -0.05 1.00 -0.05 1.00 -0.05 1.00 -0.05 1.00 -0.05 1.00 -0.05 1.00 -0.05 1.00 -0.05 1.00 -0.05 1.00 -0.05 1.00 -0.05 1.00 -0.05 1.00 -0.05 1.00 -0.05 1.00 -0.05 1.00 -0.05 1.00 -0.05 1.00 -0.05 1.00 -0.05 1.00 -0.05 1.00 -0.05 1.00 -0.05 1.00 -0.05 1.00 -0.05 1.00 -0.05 1.00 -0.05 1.00 -0.05 1.00 -0.05 1.00 -0.05 1.00 -0.05 1.00 -0.05 1.00 -0.05 1.00 -0.05 1.00 -0.05 1.00 -0.05 1.00 -0.05 1.00 -0.05 1.00 -0.05 1.00 -0.05 1.00 -0.05 1.00 -0.05 1.00 -0.05 
0.00 -0.00 0.00 -0.00 0.00 -0.00 0.00 -0.00 0.00 -0.00 0.00 -0.00 0.00 -0.00 0.00 -0.00 0.00 -0.00 0.00 -0.00 0.00 -0.00 0.00 -0.00 0.00 -0.00 0.00 -0.00 0.00 -0.00 0.00 -0.00 0.00 -0.00 0.00 -0.00 0.00 -0.00 0.00 -0.00 0.00 -0.00 0.00 -0.00 0.00 -0.00 0.00 -0.00 0.00 -0.00 0.00 -0.00 0.00 -0.00 0.00 -0.00 0.00 -0.00 0.00 -0.00 0.00 -0.00 0.00 -0.00 0.00 -0.00 0.00 -0.00 0.00 -0.00 0.00 -0.00 0.00 -0.00 0.00 -0.00 0.00 -0.00 0.00 -0.00 0.00 -0.00 0.00 -0.00 0.00 -0.00 0.00 -0.00 0.00 -0.00 0.00 -0.00 0.00 -0.00 0.00 -0.00 0.00 -0.00 0.00 -0.00 
1.00 -0.05 1.00 -0.05 1.00 -0.05 1.00 -0.05 1.00 -0.05 1.00 -0.05 1.00 -0.05 1.00 -0.05 1.00 -0.05 1.00 -0.05 1.00 -0.05 1.00 -0.05 1.00 -0.05 1.00 -0.05 1.00 -0.05 1.00 -0.05 1.00 -0.05 1.00 -0.05 1.00 -0.05 1.00 -0.05 1.00 -0.05 1.00 -0.05 1.00 -0.05 1.00 -0.05 1.00 -0.05 1.00 -0.05 1.00 -0.05 1.00 -0.05 1.00 -0.05 1.00 -0.05 1.00 -0.05 1.00 -0.05 1.00 -0.05 1.00 -0.05 1.00 -0.05 1.00 -0.05 1.00 -0.05 1.00 -0.05 1.00 -0.05 1.00 -0.05 1.00 -0.05 1.00 -0.05 1.00 -0.05 1.00 -0.05 1.00 -0.05 1.00 -0.05 1.00 -0.05 1.00 -0.05 1.00 -0.05 1.00 -0.05 
-0.00 0.00 -0.00 0.00 -0.00 0.00 -0.00 0.00 -0.00 0.00 -0.00 0.00 -0.00 0.00 -0.00 0.00 -0.00 0.00 -0.00 0.00 -0.00 0.00 -0.00 0.00 -0.00 0.00 -0.00 0.00 -0.00 0.00 -0.00 0.00 -0.00 0.00 -0.00 0.00 -0.00 0.00 -0.00 0.00 -0.00 0.00 -0.00 0.00 -0.00 0.00 -0.00 0.00 -0.00 0.00 -0.00 0.00 -0.00 0.00 -0.00 0.00 -0.00 0.00 -0.00 0.00 -0.00 0.00 -0.00 0.00 -0.00 0.00 -0.00 0.00 -0.00 0.00 -0.00 0.00 -0.00 0.00 -0.00 0.00 -0.00 0.00 -0.00 0.00 -0.00 0.00 -0.00 0.00 -0.00 0.00 -0.00 0.00 -0.00 0.00 -0.00 0.00 -0.00 0.00 -0.00 0.00 -0.00 0.00 -0.00 0.00 
1.00 -0.04 1.00 -0.04 1.00 -0.04 1.00 -0.04 1.00 -0.04 1.00 -0.04 1.00 -0.04 1.00 -0.04 1.00 -0.04 1.00 -0.04 1.00 -0.04 1.00 -0.04 1.00 -0.04 1.00 -0.04 1.00 -0.04 1.00 -0.04 1.00 -0.04 1.00 -0.04 1.00 -0.04 1.00 -0.04 1.00 -0.04 1.00 -0.04 1.00 -0.04 1.00 -0.04 1.00 -0.04 1.00 -0.04 1.00 -0.04 1.00 -0.04 1.00 -0.04 1.00 -0.04 1.00 -0.04 1.00 -0.04 1.00 -0.04 1.00 -0.04 1.00 -0.04 1.00 -0.04 1.00 -0.04 1.00 -0.04 1.00 -0.04 1.00 -0.04 1.00 -0.04 1.00 -0.04 1.00 -0.04 1.00 -0.04 1.00 -0.04 1.00 -0.04 1.00 -0.04 1.00 -0.04 1.00 -0.04 1.00 -0.04 
0.00 -0.00 0.00 -0.00 0.00 -0.00 0.00 -0.00 0.00 -0.00 0.00 -0.00 0.00 -0.00 0.00 -0.00 0.00 -0.00 0.00 -0.00 0.00 -0.00 0.00 -0.00 0.00 -0.00 0.00 -0.00 0.00 -0.00 0.00 -0.00 0.00 -0.00 0.00 -0.00 0.00 -0.00 0.00 -0.00 0.00 -0.00 0.00 -0.00 0.00 -0.00 0.00 -0.00 0.00 -0.00 0.00 -0.00 0.00 -0.00 0.00 -0.00 0.00 -0.00 0.00 -0.00 0.00 -0.00 0.00 -0.00 0.00 -0.00 0.00 -0.00 0.00 -0.00 0.00 -0.00 0.00 -0.00 0.00 -0.00 0.00 -0.00 0.00 -0.00 0.00 -0.00 0.00 -0.00 0.00 -0.00 0.00 -0.00 0.00 -0.00 0.00 -0.00 0.00 -0.00 0.00 -0.00 0.00 -0.00 0.00 -0.00 
1.00 -0.04 1.00 -0.04 1.00 -0.04 1.00 -0.04 1.00 -0.04 1.00 -0.04 1.00 -0.04 1.00 -0.04 1.00 -0.04 1.00 -0.04 1.00 -0.04 1.00 -0.04 1.00 -0.04 1.00 -0.04 1.00 -0.04 1.00 -0.04 1.00 -0.04 1.00 -0.04 1.00 -0.04 1.00 -0.04 1.00 -0.04 1.00 -0.04 1.00 -0.04 1.00 -0.04 1.00 -0.04 1.00 -0.04 1.00 -0.04 1.00 -0.04 1.00 -0.04 1.00 -0.04 1.00 -0.04 1.00 -0.04 1.00 -0.04 1.00 -0.04 1.00 -0.04 1.00 -0.04 1.00 -0.04 1.00 -0.04 1.00 -0.04 1.00 -0.04 1.00 -0.04 1.00 -0.04 1.00 -0.04 1.00 -0.04 1.00 -0.04 1.00 -0.04 1.00 -0.04 1.00 -0.04 1.00 -0.04 1.00 -0.04 
-0.00 0.00 -0.00 0.00 -0.00 0.00 -0.00 0.00 -0.00 0.00 -0.00 0.00 -0.00 0.00 -0.00 0.00 -0.00 0.00 -0.00 0.00 -0.00 0.00 -0.00 0.00 -0.00 0.00 -0.00 0.00 -0.00 0.00 -0.00 0.00 -0.00 0.00 -0.00 0.00 -0.00 0.00 -0.00 0.00 -0.00 0.00 -0.00 0.00 -0.00 0.00 -0.00 0.00 -0.00 0.00 -0.00 0.00 -0.00 0.00 -0.00 0.00 -0.00 0.00 -0.00 0.00 -0.00 0.00 -0.00 0.00 -0.00 0.00 -0.00 0.00 -0.00 0.00 -0.00 0.00 -0.00 0.00 -0.00 0.00 -0.00 0.00 -0.00 0.00 -0.00 0.00 -0.00 0.00 -0.00 0.00 -0.00 0.00 -0.00 0.00 -0.00 0.00 -0.00 0.00 -0.00 0.00 -0.00 0.00 -0.00 0.00 
1.00 -0.04 1.00 -0.04 1.00 -0.04 1.00 -0.04 1.00 -0.04 1.00 -0.04 1.00 -0.04 1.00 -0.04 1.00 -0.04 1.00 -0.04 1.00 -0.04 1.00 -0.04 1.00 -0.04 1.00 -0.04 1.00 -0.04 1.00 -0.04 1.00 -0.04 1.00 -0.04 1.00 -0.04 1.00 -0.04 1.00 -0.04 1.00 -0.04 1.00 -0.04 1.00 -0.04 1.00 -0.04 1.00 -0.04 1.00 -0.04 1.00 -0.04 1.00 -0.04 1.00 -0.04 1.00 -0.04 1.00 -0.04 1.00 -0.04 1.00 -0.04 1.00 -0.04 1.00 -0.04 1.00 -0.04 1.00 -0.04 1.00 -0.04 1.00 -0.04 1.00 -0.04 1.00 -0.04 1.00 -0.04 1.00 -0.04 1.00 -0.04 1.00 -0.04 1.00 -0.04 1.00 -0.04 1.00 -0.04 1.00 -0.04 
-0.00 0.00 -0.00 0.00 -0.00 0.00 -0.00 0.00 -0.00 0.00 -0.00 0.00 -0.00 0.00 -0.00 0.00 -0.00 0.00 -0.00 0.00 -0.00 0.00 -0.00 0.00 -0.00 0.00 -0.00 0.00 -0.00 0.00 -0.00 0.00 -0.00 0.00 -0.00 0.00 -0.00 0.00 -0.00 0.00 -0.00 0.00 -0.00 0.00 -0.00 0.00 -0.00 0.00 -0.00 0.00 -0.00 0.00 -0.00 0.00 -0.00 0.00 -0.00 0.00 -0.00 0.00 -0.00 0.00 -0.00 0.00 -0.00 0.00 -0.00 0.00 -0.00 0.00 -0.00 0.00 -0.00 0.00 -0.00 0.00 -0.00 0.00 -0.00 0.00 -0.00 0.00 -0.00 0.00 -0.00 0.00 -0.00 0.00 -0.00 0.00 -0.00 0.00 -0.00 0.00 -0.00 0.00 -0.00 0.00 -0.00 0.00 
1.00 -0.04 1.00 -0.04 1.00 -0.04 1.00 -0.04 1.00 -0.04 1.00 -0.04 1.00 -0.04 1.00 -0.04 1.00 -0.04 1.00 -0.04 1.00 -0.04 1.00 -0.04 1.00 -0.04 1.00 -0.04 1.00 -0.04 1.00 -0.04 1.00 -0.04 1.00 -0.04 1.00 -0.04 1.00 -0.04 1.00 -0.04 1.00 -0.04 1.00 -0.04 1.00 -0.04 1.00 -0.04 1.00 -0.04 1.00 -0.04 1.00 -0.04 1.00 -0.04 1.00 -0.04 1.00 -0.04 1.00 -0.04 1.00 -0.04 1.00 -0.04 1.00 -0.04 1.00 -0.04 1.00 -0.04 1.00 -0.04 1.00 -0.04 1.00 -0.04 1.00 -0.04 1.00 -0.04 1.00 -0.04 1.00 -0.04 1.00 -0.04 1.00 -0.04 1.00 -0.04 1.00 -0.04 1.00 -0.04 1.00 -0.04 
-0.00 0.00 -0.00 0.00 -0.00 0.00 -0.00 0.00 -0.00 0.00 -0.00 0.00 -0.00 0.00 -0.00 0.00 -0.00 0.00 -0.00 0.00 -0.00 0.00 -0.00 0.00 -0.00 0.00 -0.00 0.00 -0.00 0.00 -0.00 0.00 -0.00 0.00 -0.00 0.00 -0.00 0.00 -0.00 0.00 -0.00 0.00 -0.00 0.00 -0.00 0.00 -0.00 0.00 -0.00 0.00 -0.00 0.00 -0.00 0.00 -0.00 0.00 -0.00 0.00 -0.00 0.00 -0.00 0.00 -0.00 0.00 -0.00 0.00 -0.00 0.00 -0.00 0.00 -0.00 0.00 -0.00 0.00 -0.00 0.00 -0.00 0.00 -0.00 0.00 -0.00 0.00 -0.00 0.00 -0.00 0.00 -0.00 0.00 -0.00 0.00 -0.00 0.00 -0.00 0.00 -0.00 0.00 -0.00 0.00 -0.00 0.00 
1.00 -0.03 1.00 -0.03 1.00 -0.03 1.00 -0.03 1.00 -0.03 1.00 -0.03 1.00 -0.03 1.00 -0.03 1.00 -0.03 1.00 -0.03 1.00 -0.03 1.00 -0.03 1.00 -0.03 1.00 -0.03 1.00 -0.03 1.00 -0.03 1.00 -0.03 1.00 -0.03 1.00 -0.03 1.00 -0.03 1.00 -0.03 1.00 -0.03 1.00 -0.03 1.00 -0.03 1.00 -0.03 1.00 -0.03 1.00 -0.03 1.00 -0.03 1.00 -0.03 1.00 -0.03 1.00 -0.03 1.00 -0.03 1.00 -0.03 1.00 -0.03 1.00 -0.03 1.00 -0.03 1.00 -0.03 1.00 -0.03 1.00 -0.03 1.00 -0.03 1.00 -0.03 1.00 -0.03 1.00 -0.03 1.00 -0.03 1.00 -0.03 1.00 -0.03 1.00 -0.03 1.00 -0.03 1.00 -0.03 1.00 -0.03 
0.00 -0.00 0.00 -0.00 0.00 -0.00 0.00 -0.00 0.00 -0.00 0.00 -0.00 0.00 -0.00 0.00 -0.00 0.00 -0.00 0.00 -0.00 0.00 -0.00 0.00 -0.00 0.00 -0.00 0.00 -0.00 0.00 -0.00 0.00 -0.00 0.00 -0.00 0.00 -0.00 0.00 -0.00 0.00 -0.00 0.00 -0.00 0.00 -0.00 0.00 -0.00 0.00 -0.00 0.00 -0.00 0.00 -0.00 0.00 -0.00 0.00 -0.00 0.00 -0.00 0.00 -0.00 0.00 -0.00 0.00 -0.00 0.00 -0.00 0.00 -0.00 0.00 -0.00 0.00 -0.00 0.00 -0.00 0.00 -0.00 0.00 -0.00 0.00 -0.00 0.00 -0.00 0.00 -0.00 0.00 -0.00 0.00 -0.00 0.00 -0.00 0.00 -0.00 0.00 -0.00 0.00 -0.00 0.00 -0.00 0.00 -0.00 
1.00 -0.03 1.00 -0.03 1.00 -0.03 1.00 -0.03 1.00 -0.03 1.00 -0.03 1.00 -0.03 1.00 -0.03 1.00 -0.03 1.00 -0.03 1.00 -0.03 1.00 -0.03 1.00 -0.03 1.00 -0.03 1.00 -0.03 1.00 -0.03 1.00 -0.03 1.00 -0.03 1.00 -0.03 1.00 -0.03 1.00 -0.03 1.00 -0.03 1.00 -0.03 1.00 -0.03 1.00 -0.03 1.00 -0.03 1.00 -0.03 1.00 -0.03 1.00 -0.03 1.00 -0.03 1.00 -0.03 1.00 -0.03 1.00 -0.03 1.00 -0.03 1.00 -0.03 1.00 -0.03 1.00 -0.03 1.00 -0.03 1.00 -0.03 1.00 -0.03 1.00 -0.03 1.00 -0.03 1.00 -0.03 1.00 -0.03 1.00 -0.03 1.00 -0.03 1.00 -0.03 1.00 -0.03 1.00 -0.03 1.00 -0.03 
-0.00 0.00 -0.00 0.00 -0.00 0.00 -0.00 0.00 -0.00 0.00 -0.00 0.00 -0.00 0.00 -0.00 0.00 -0.00 0.00 -0.00 0.00 -0.00 0.00 -0.00 0.00 -0.00 0.00 -0.00 0.00 -0.00 0.00 -0.00 0.00 -0.00 0.00 -0.00 0.00 -0.00 0.00 -0.00 0.00 -0.00 0.00 -0.00 0.00 -0.00 0.00 -0.00 0.00 -0.00 0.00 -0.00 0.00 -0.00 0.00 -0.00 0.00 -0.00 0.00 -0.00 0.00 -0.00 0.00 -0.00 0.00 -0.00 0.00 -0.00 0.00 -0.00 0.00 -0.00 0.00 -0.00 0.00 -0.00 0.00 -0.00 0.00 -0.00 0.00 -0.00 0.00 -0.00 0.00 -0.00 0.00 -0.00 0.00 -0.00 0.00 -0.00 0.00 -0.00 0.00 -0.00 0.00 -0.00 0.00 -0.00 0.00 
1.00 -0.03 1.00 -0.03 1.00 -0.03 1.00 -0.03 1.00 -0.03 1.00 -0.03 1.00 -0.03 1.00 -0.03 1.00 -0.03 1.00 -0.03 1.00 -0.03 1.00 -0.03 1.00 -0.03 1.00 -0.03 1.00 -0.03 1.00 -0.03 1.00 -0.03 1.00 -0.03 1.00 -0.03 1.00 -0.03 1.00 -0.03 1.00 -0.03 1.00 -0.03 1.00 -0.03 1.00 -0.03 1.00 -0.03 1.00 -0.03 1.00 -0.03 1.00 -0.03 1.00 -0.03 1.00 -0.03 1.00 -0.03 1.00 -0.03 1.00 -0.03 1.00 -0.03 1.00 -0.03 1.00 -0.03 1.00 -0.03 1.00 -0.03 1.00 -0.03 1.00 -0.03 1.00 -0.03 1.00 -0.03 1.00 -0.03 1.00 -0.03 1.00 -0.03 1.00 -0.03 1.00 -0.03 1.00 -0.03 1.00 -0.03 
-0.00 -0.00 -0.00 -0.00 -0.00 -0.00 -0.00 -0.00 -0.00 -0.00 -0.00 -0.00 -0.00 -0.00 -0.00 -0.00 -0.00 -0.00 -0.00 -0.00 -0.00 -0.00 -0.00 -0.00 -0.00 -0.00 -0.00 -0.00 -0.00 -0.00 -0.00 -0.00 -0.00 -0.00 -0.00 -0.00 -0.00 -0.00 -0.00 -0.00 -0.00 -0.00 -0.00 -0.00 -0.00 -0.00 -0.00 -0.00 -0.00 -0.00 -0.00 -0.00 -0.00 -0.00 -0.00 -0.00 -0.00 -0.00 -0.00 -0.00 -0.00 -0.00 -0.00 -0.00 -0.00 -0.00 -0.00 -0.00 -0.00 -0.00 -0.00 -0.00 -0.00 -0.00 -0.00 -0.00 -0.00 -0.00 -0.00 -0.00 -0.00 -0.00 -0.00 -0.00 -0.00 -0.00 -0.00 -0.00 -0.00 -0.00 -0.00 -0.00 -0.00 -0.00 -0.00 -0.00 -0.00 -0.00 -0.00 -0.00 
1.00 -0.03 1.00 -0.03 1.00 -0.03 1.00 -0.03 1.00 -0.03 1.00 -0.03 1.00 -0.03 1.00 -0.03 1.00 -0.03 1.00 -0.03 1.00 -0.03 1.00 -0.03 1.00 -0.03 1.00 -0.03 1.00 -0.03 1.00 -0.03 1.00 -0.03 1.00 -0.03 1.00 -0.03 1.00 -0.03 1.00 -0.03 1.00 -0.03 1.00 -0.03 1.00 -0.03 1.00 -0.03 1.00 -0.03 1.00 -0.03 1.00 -0.03 1.00 -0.03 1.00 -0.03 1.00 -0.03 1.00 -0.03 1.00 -0.03 1.00 -0.03 1.00 -0.03 1.00 -0.03 1.00 -0.03 1.00 -0.03 1.00 -0.03 1.00 -0.03 1.00 -0.03 1.00 -0.03 1.00 -0.03 1.00 -0.03 1.00 -0.03 1.00 -0.03 1.00 -0.03 1.00 -0.03 1.00 -0.03 1.00 -0.03 
-0.00 0.00 -0.00 0.00 -0.00 0.00 -0.00 0.00 -0.00 0.00 -0.00 0.00 -0.00 0.00 -0.00 0.00 -0.00 0.00 -0.00 0.00 -0.00 0.00 -0.00 0.00 -0.00 0.00 -0.00 0.00 -0.00 0.00 -0.00 0.00 -0.00 0.00 -0.00 0.00 -0.00 0.00 -0.00 0.00 -0.00 0.00 -0.00 0.00 -0.00 0.00 -0.00 0.00 -0.00 0.00 -0.00 0.00 -0.00 0.00 -0.00 0.00 -0.00 0.00 -0.00 0.00 -0.00 0.00 -0.00 0.00 -0.00 0.00 -0.00 0.00 -0.00 0.00 -0.00 0.00 -0.00 0.00 -0.00 0.00 -0.00 0.00 -0.00 0.00 -0.00 0.00 -0.00 0.00 -0.00 0.00 -0.00 0.00 -0.00 0.00 -0.00 0.00 -0.00 0.00 -0.00 0.00 -0.00 0.00 -0.00 0.00 
1.00 -0.03 1.00 -0.03 1.00 -0.03 1.00 -0.03 1.00 -0.03 1.00 -0.03 1.00 -0.03 1.00 -0.03 1.00 -0.03 1.00 -0.03 1.00 -0.03 1.00 -0.03 1.00 -0.03 1.00 -0.03 1.00 -0.03 1.00 -0.03 1.00 -0.03 1.00 -0.03 1.00 -0.03 1.00 -0.03 1.00 -0.03 1.00 -0.03 1.00 -0.03 1.00 -0.03 1.00 -0.03 1.00 -0.03 1.00 -0.03 1.00 -0.03 1.00 -0.03 1.00 -0.03 1.00 -0.03 1.00 -0.03 1.00 -0.03 1.00 -0.03 1.00 -0.03 1.00 -0.03 1.00 -0.03 1.00 -0.03 1.00 -0.03 1.00 -0.03 1.00 -0.03 1.00 -0.03 1.00 -0.03 1.00 -0.03 1.00 -0.03 1.00 -0.03 1.00 -0.03 1.00 -0.03 1.00 -0.03 1.00 -0.03 
-0.00 0.00 -0.00 0.00 -0.00 0.00 -0.00 0.00 -0.00 0.00 -0.00 0.00 -0.00 0.00 -0.00 0.00 -0.00 0.00 -0.00 0.00 -0.00 0.00 -0.00 0.00 -0.00 0.00 -0.00 0.00 -0.00 0.00 -0.00 0.00 -0.00 0.00 -0.00 0.00 -0.00 0.00 -0.00 0.00 -0.00 0.00 -0.00 0.00 -0.00 0.00 -0.00 0.00 -0.00 0.00 -0.00 0.00 -0.00 0.00 -0.00 0.00 -0.00 0.00 -0.00 0.00 -0.00 0.00 -0.00 0.00 -0.00 0.00 -0.00 0.00 -0.00 0.00 -0.00 0.00 -0.00 0.00 -0.00 0.00 -0.00 0.00 -0.00 0.00 -0.00 0.00 -0.00 0.00 -0.00 0.00 -0.00 0.00 -0.00 0.00 -0.00 0.00 -0.00 0.00 -0.00 0.00 -0.00 0.00 -0.00 0.00 
1.00 -0.03 1.00 -0.03 1.00 -0.03 1.00 -0.03 1.00 -0.03 1.00 -0.03 1.00 -0.03 1.00 -0.03 1.00 -0.03 1.00 -0.03 1.00 -0.03 1.00 -0.03 1.00 -0.03 1.00 -0.03 1.00 -0.03 1.00 -0.03 1.00 -0.03 1.00 -0.03 1.00 -0.03 1.00 -0.03 1.00 -0.03 1.00 -0.03 1.00 -0.03 1.00 -0.03 1.00 -0.03 1.00 -0.03 1.00 -0.03 1.00 -0.03 1.00 -0.03 1.00 -0.03 1.00 -0.03 1.00 -0.03 1.00 -0.03 1.00 -0.03 1.00 -0.03 1.00 -0.03 1.00 -0.03 1.00 -0.03 1.00 -0.03 1.00 -0.03 1.00 -0.03 1.00 -0.03 1.00 -0.03 1.00 -0.03 1.00 -0.03 1.00 -0.03 1.00 -0.03 1.00 -0.03 1.00 -0.03 1.00 -0.03 
0.00 0.00 0.00 0.00 0.00 0.00 0.00 0.00 0.00 0.00 0.00 0.00 0.00 0.00 0.00 0.00 0.00 0.00 0.00 0.00 0.00 0.00 0.00 0.00 0.00 0.00 0.00 0.00 0.00 0.00 0.00 0.00 0.00 0.00 0.00 0.00 0.00 0.00 0.00 0.00 0.00 0.00 0.00 0.00 0.00 0.00 0.00 0.00 0.00 0.00 0.00 0.00 0.00 0.00 0.00 0.00 0.00 0.00 0.00 0.00 0.00 0.00 0.00 0.00 0.00 0.00 0.00 0.00 0.00 0.00 0.00 0.00 0.00 0.00 0.00 0.00 0.00 0.00 0.00 0.00 0.00 0.00 0.00 0.00 0.00 0.00 0.00 0.00 0.00 0.00 0.00 0.00 0.00 0.00 0.00 0.00 0.00 0.00 0.00 0.00 
1.00 -0.03 1.00 -0.03 1.00 -0.03 1.00 -0.03 1.00 -0.03 1.00 -0.03 1.00 -0.03 1.00 -0.03 1.00 -0.03 1.00 -0.03 1.00 -0.03 1.00 -0.03 1.00 -0.03 1.00 -0.03 1.00 -0.03 1.00 -0.03 1.00 -0.03 1.00 -0.03 1.00 -0.03 1.00 -0.03 1.00 -0.03 1.00 -0.03 1.00 -0.03 1.00 -0.03 1.00 -0.03 1.00 -0.03 1.00 -0.03 1.00 -0.03 1.00 -0.03 1.00 -0.03 1.00 -0.03 1.00 -0.03 1.00 -0.03 1.00 -0.03 1.00 -0.03 1.00 -0.03 1.00 -0.03 1.00 -0.03 1.00 -0.03 1.00 -0.03 1.00 -0.03 1.00 -0.03 1.00 -0.03 1.00 -0.03 1.00 -0.03 1.00 -0.03 1.00 -0.03 1.00 -0.03 1.00 -0.03 1.00 -0.03 
-0.00 -0.00 -0.00 -0.00 -0.00 -0.00 -0.00 -0.00 -0.00 -0.00 -0.00 -0.00 -0.00 -0.00 -0.00 -0.00 -0.00 -0.00 -0.00 -0.00 -0.00 -0.00 -0.00 -0.00 -0.00 -0.00 -0.00 -0.00 -0.00 -0.00 -0.00 -0.00 -0.00 -0.00 -0.00 -0.00 -0.00 -0.00 -0.00 -0.00 -0.00 -0.00 -0.00 -0.00 -0.00 -0.00 -0.00 -0.00 -0.00 -0.00 -0.00 -0.00 -0.00 -0.00 -0.00 -0.00 -0.00 -0.00 -0.00 -0.00 -0.00 -0.00 -0.00 -0.00 -0.00 -0.00 -0.00 -0.00 -0.00 -0.00 -0.00 -0.00 -0.00 -0.00 -0.00 -0.00 -0.00 -0.00 -0.00 -0.00 -0.00 -0.00 -0.00 -0.00 -0.00 -0.00 -0.00 -0.00 -0.00 -0.00 -0.00 -0.00 -0.00 -0.00 -0.00 -0.00 -0.00 -0.00 -0.00 -0.00 
1.00 -0.03 1.00 -0.03 1.00 -0.03 1.00 -0.03 1.00 -0.03 1.00 -0.03 1.00 -0.03 1.00 -0.03 1.00 -0.03 1.00 -0.03 1.00 -0.03 1.00 -0.03 1.00 -0.03 1.00 -0.03 1.00 -0.03 1.00 -0.03 1.00 -0.03 1.00 -0.03 1.00 -0.03 1.00 -0.03 1.00 -0.03 1.00 -0.03 1.00 -0.03 1.00 -0.03 1.00 -0.03 1.00 -0.03 1.00 -0.03 1.00 -0.03 1.00 -0.03 1.00 -0.03 1.00 -0.03 1.00 -0.03 1.00 -0.03 1.00 -0.03 1.00 -0.03 1.00 -0.03 1.00 -0.03 1.00 -0.03 1.00 -0.03 1.00 -0.03 1.00 -0.03 1.00 -0.03 1.00 -0.03 1.00 -0.03 1.00 -0.03 1.00 -0.03 1.00 -0.03 1.00 -0.03 1.00 -0.03 1.00 -0.03 
0.00 -0.00 0.00 -0.00 0.00 -0.00 0.00 -0.00 0.00 -0.00 0.00 -0.00 0.00 -0.00 0.00 -0.00 0.00 -0.00 0.00 -0.00 0.00 -0.00 0.00 -0.00 0.00 -0.00 0.00 -0.00 0.00 -0.00 0.00 -0.00 0.00 -0.00 0.00 -0.00 0.00 -0.00 0.00 -0.00 0.00 -0.00 0.00 -0.00 0.00 -0.00 0.00 -0.00 0.00 -0.00 0.00 -0.00 0.00 -0.00 0.00 -0.00 0.00 -0.00 0.00 -0.00 0.00 -0.00 0.00 -0.00 0.00 -0.00 0.00 -0.00 0.00 -0.00 0.00 -0.00 0.00 -0.00 0.00 -0.00 0.00 -0.00 0.00 -0.00 0.00 -0.00 0.00 -0.00 0.00 -0.00 0.00 -0.00 0.00 -0.00 0.00 -0.00 0.00 -0.00 0.00 -0.00 0.00 -0.00 0.00 -0.00 
1.00 -0.03 1.00 -0.03 1.00 -0.03 1.00 -0.03 1.00 -0.03 1.00 -0.03 1.00 -0.03 1.00 -0.03 1.00 -0.03 1.00 -0.03 1.00 -0.03 1.00 -0.03 1.00 -0.03 1.00 -0.03 1.00 -0.03 1.00 -0.03 1.00 -0.03 1.00 -0.03 1.00 -0.03 1.00 -0.03 1.00 -0.03 1.00 -0.03 1.00 -0.03 1.00 -0.03 1.00 -0.03 1.00 -0.03 1.00 -0.03 1.00 -0.03 1.00 -0.03 1.00 -0.03 1.00 -0.03 1.00 -0.03 1.00 -0.03 1.00 -0.03 1.00 -0.03 1.00 -0.03 1.00 -0.03 1.00 -0.03 1.00 -0.03 1.00 -0.03 1.00 -0.03 1.00 -0.03 1.00 -0.03 1.00 -0.03 1.00 -0.03 1.00 -0.03 1.00 -0.03 1.00 -0.03 1.00 -0.03 1.00 -0.03 
0.00 0.00 0.00 0.00 0.00 0.00 0.00 0.00 0.00 0.00 0.00 0.00 0.00 0.00 0.00 0.00 0.00 0.00 0.00 0.00 0.00 0.00 0.00 0.00 0.00 0.00 0.00 0.00 0.00 0.00 0.00 0.00 0.00 0.00 0.00 0.00 0.00 0.00 0.00 0.00 0.00 0.00 0.00 0.00 0.00 0.00 0.00 0.00 0.00 0.00 0.00 0.00 0.00 0.00 0.00 0.00 0.00 0.00 0.00 0.00 0.00 0.00 0.00 0.00 0.00 0.00 0.00 0.00 0.00 0.00 0.00 0.00 0.00 0.00 0.00 0.00 0.00 0.00 0.00 0.00 0.00 0.00 0.00 0.00 0.00 0.00 0.00 0.00 0.00 0.00 0.00 0.00 0.00 0.00 0.00 0.00 0.00 0.00 0.00 0.00 
1.00 -0.03 1.00 -0.03 1.00 -0.03 1.00 -0.03 1.00 -0.03 1.00 -0.03 1.00 -0.03 1.00 -0.03 1.00 -0.03 1.00 -0.03 1.00 -0.03 1.00 -0.03 1.00 -0.03 1.00 -0.03 1.00 -0.03 1.00 -0.03 1.00 -0.03 1.00 -0.03 1.00 -0.03 1.00 -0.03 1.00 -0.03 1.00 -0.03 1.00 -0.03 1.00 -0.03 1.00 -0.03 1.00 -0.03 1.00 -0.03 1.00 -0.03 1.00 -0.03 1.00 -0.03 1.00 -0.03 1.00 -0.03 1.00 -0.03 1.00 -0.03 1.00 -0.03 1.00 -0.03 1.00 -0.03 1.00 -0.03 1.00 -0.03 1.00 -0.03 1.00 -0.03 1.00 -0.03 1.00 -0.03 1.00 -0.03 1.00 -0.03 1.00 -0.03 1.00 -0.03 1.00 -0.03 1.00 -0.03 1.00 -0.03 
-0.00 0.00 -0.00 0.00 -0.00 0.00 -0.00 0.00 -0.00 0.00 -0.00 0.00 -0.00 0.00 -0.00 0.00 -0.00 0.00 -0.00 0.00 -0.00 0.00 -0.00 0.00 -0.00 0.00 -0.00 0.00 -0.00 0.00 -0.00 0.00 -0.00 0.00 -0.00 0.00 -0.00 0.00 -0.00 0.00 -0.00 0.00 -0.00 0.00 -0.00 0.00 -0.00 0.00 -0.00 0.00 -0.00 0.00 -0.00 0.00 -0.00 0.00 -0.00 0.00 -0.00 0.00 -0.00 0.00 -0.00 0.00 -0.00 0.00 -0.00 0.00 -0.00 0.00 -0.00 0.00 -0.00 0.00 -0.00 0.00 -0.00 0.00 -0.00 0.00 -0.00 0.00 -0.00 0.00 -0.00 0.00 -0.00 0.00 -0.00 0.00 -0.00 0.00 -0.00 0.00 -0.00 0.00 -0.00 0.00 -0.00 0.00 
1.00 -0.03 1.00 -0.03 1.00 -0.03 1.00 -0.03 1.00 -0.03 1.00 -0.03 1.00 -0.03 1.00 -0.03 1.00 -0.03 1.00 -0.03 1.00 -0.03 1.00 -0.03 1.00 -0.03 1.00 -0.03 1.00 -0.03 1.00 -0.03 1.00 -0.03 1.00 -0.03 1.00 -0.03 1.00 -0.03 1.00 -0.03 1.00 -0.03 1.00 -0.03 1.00 -0.03 1.00 -0.03 1.00 -0.03 1.00 -0.03 1.00 -0.03 1.00 -0.03 1.00 -0.03 1.00 -0.03 1.00 -0.03 1.00 -0.03 1.00 -0.03 1.00 -0.03 1.00 -0.03 1.00 -0.03 1.00 -0.03 1.00 -0.03 1.00 -0.03 1.00 -0.03 1.00 -0.03 1.00 -0.03 1.00 -0.03 1.00 -0.03 1.00 -0.03 1.00 -0.03 1.00 -0.03 1.00 -0.03 1.00 -0.03 
-0.00 0.00 -0.00 0.00 -0.00 0.00 -0.00 0.00 -0.00 0.00 -0.00 0.00 -0.00 0.00 -0.00 0.00 -0.00 0.00 -0.00 0.00 -0.00 0.00 -0.00 0.00 -0.00 0.00 -0.00 0.00 -0.00 0.00 -0.00 0.00 -0.00 0.00 -0.00 0.00 -0.00 0.00 -0.00 0.00 -0.00 0.00 -0.00 0.00 -0.00 0.00 -0.00 0.00 -0.00 0.00 -0.00 0.00 -0.00 0.00 -0.00 0.00 -0.00 0.00 -0.00 0.00 -0.00 0.00 -0.00 0.00 -0.00 0.00 -0.00 0.00 -0.00 0.00 -0.00 0.00 -0.00 0.00 -0.00 0.00 -0.00 0.00 -0.00 0.00 -0.00 0.00 -0.00 0.00 -0.00 0.00 -0.00 0.00 -0.00 0.00 -0.00 0.00 -0.00 0.00 -0.00 0.00 -0.00 0.00 -0.00 0.00 
1.00 -0.04 1.00 -0.04 1.00 -0.04 1.00 -0.04 1.00 -0.04 1.00 -0.04 1.00 -0.04 1.00 -0.04 1.00 -0.04 1.00 -0.04 1.00 -0.04 1.00 -0.04 1.00 -0.04 1.00 -0.04 1.00 -0.04 1.00 -0.04 1.00 -0.04 1.00 -0.04 1.00 -0.04 1.00 -0.04 1.00 -0.04 1.00 -0.04 1.00 -0.04 1.00 -0.04 1.00 -0.04 1.00 -0.04 1.00 -0.04 1.00 -0.04 1.00 -0.04 1.00 -0.04 1.00 -0.04 1.00 -0.04 1.00 -0.04 1.00 -0.04 1.00 -0.04 1.00 -0.04 1.00 -0.04 1.00 -0.04 1.00 -0.04 1.00 -0.04 1.00 -0.04 1.00 -0.04 1.00 -0.04 1.00 -0.04 1.00 -0.04 1.00 -0.04 1.00 -0.04 1.00 -0.04 1.00 -0.04 1.00 -0.04 
-0.00 0.00 -0.00 0.00 -0.00 0.00 -0.00 0.00 -0.00 0.00 -0.00 0.00 -0.00 0.00 -0.00 0.00 -0.00 0.00 -0.00 0.00 -0.00 0.00 -0.00 0.00 -0.00 0.00 -0.00 0.00 -0.00 0.00 -0.00 0.00 -0.00 0.00 -0.00 0.00 -0.00 0.00 -0.00 0.00 -0.00 0.00 -0.00 0.00 -0.00 0.00 -0.00 0.00 -0.00 0.00 -0.00 0.00 -0.00 0.00 -0.00 0.00 -0.00 0.00 -0.00 0.00 -0.00 0.00 -0.00 0.00 -0.00 0.00 -0.00 0.00 -0.00 0.00 -0.00 0.00 -0.00 0.00 -0.00 0.00 -0.00 0.00 -0.00 0.00 -0.00 0.00 -0.00 0.00 -0.00 0.00 -0.00 0.00 -0.00 0.00 -0.00 0.00 -0.00 0.00 -0.00 0.00 -0.00 0.00 -0.00 0.00 
1.00 -0.04 1.00 -0.04 1.00 -0.04 1.00 -0.04 1.00 -0.04 1.00 -0.04 1.00 -0.04 1.00 -0.04 1.00 -0.04 1.00 -0.04 1.00 -0.04 1.00 -0.04 1.00 -0.04 1.00 -0.04 1.00 -0.04 1.00 -0.04 1.00 -0.04 1.00 -0.04 1.00 -0.04 1.00 -0.04 1.00 -0.04 1.00 -0.04 1.00 -0.04 1.00 -0.04 1.00 -0.04 1.00 -0.04 1.00 -0.04 1.00 -0.04 1.00 -0.04 1.00 -0.04 1.00 -0.04 1.00 -0.04 1.00 -0.04 1.00 -0.04 1.00 -0.04 1.00 -0.04 1.00 -0.04 1.00 -0.04 1.00 -0.04 1.00 -0.04 1.00 -0.04 1.00 -0.04 1.00 -0.04 1.00 -0.04 1.00 -0.04 1.00 -0.04 1.00 -0.04 1.00 -0.04 1.00 -0.04 1.00 -0.04 
-0.00 0.00 -0.00 0.00 -0.00 0.00 -0.00 0.00 -0.00 0.00 -0.00 0.00 -0.00 0.00 -0.00 0.00 -0.00 0.00 -0.00 0.00 -0.00 0.00 -0.00 0.00 -0.00 0.00 -0.00 0.00 -0.00 0.00 -0.00 0.00 -0.00 0.00 -0.00 0.00 -0.00 0.00 -0.00 0.00 -0.00 0.00 -0.00 0.00 -0.00 0.00 -0.00 0.00 -0.00 0.00 -0.00 0.00 -0.00 0.00 -0.00 0.00 -0.00 0.00 -0.00 0.00 -0.00 0.00 -0.00 0.00 -0.00 0.00 -0.00 0.00 -0.00 0.00 -0.00 0.00 -0.00 0.00 -0.00 0.00 -0.00 0.00 -0.00 0.00 -0.00 0.00 -0.00 0.00 -0.00 0.00 -0.00 0.00 -0.00 0.00 -0.00 0.00 -0.00 0.00 -0.00 0.00 -0.00 0.00 -0.00 0.00 
1.00 -0.04 1.00 -0.04 1.00 -0.04 1.00 -0.04 1.00 -0.04 1.00 -0.04 1.00 -0.04 1.00 -0.04 1.00 -0.04 1.00 -0.04 1.00 -0.04 1.00 -0.04 1.00 -0.04 1.00 -0.04 1.00 -0.04 1.00 -0.04 1.00 -0.04 1.00 -0.04 1.00 -0.04 1.00 -0.04 1.00 -0.04 1.00 -0.04 1.00 -0.04 1.00 -0.04 1.00 -0.04 1.00 -0.04 1.00 -0.04 1.00 -0.04 1.00 -0.04 1.00 -0.04 1.00 -0.04 1.00 -0.04 1.00 -0.04 1.00 -0.04 1.00 -0.04 1.00 -0.04 1.00 -0.04 1.00 -0.04 1.00 -0.04 1.00 -0.04 1.00 -0.04 1.00 -0.04 1.00 -0.04 1.00 -0.04 1.00 -0.04 1.00 -0.04 1.00 -0.04 1.00 -0.04 1.00 -0.04 1.00 -0.04 
0.00 -0.00 0.00 -0.00 0.00 -0.00 0.00 -0.00 0.00 -0.00 0.00 -0.00 0.00 -0.00 0.00 -0.00 0.00 -0.00 0.00 -0.00 0.00 -0.00 0.00 -0.00 0.00 -0.00 0.00 -0.00 0.00 -0.00 0.00 -0.00 0.00 -0.00 0.00 -0.00 0.00 -0.00 0.00 -0.00 0.00 -0.00 0.00 -0.00 0.00 -0.00 0.00 -0.00 0.00 -0.00 0.00 -0.00 0.00 -0.00 0.00 -0.00 0.00 -0.00 0.00 -0.00 0.00 -0.00 0.00 -0.00 0.00 -0.00 0.00 -0.00 0.00 -0.00 0.00 -0.00 0.00 -0.00 0.00 -0.00 0.00 -0.00 0.00 -0.00 0.00 -0.00 0.00 -0.00 0.00 -0.00 0.00 -0.00 0.00 -0.00 0.00 -0.00 0.00 -0.00 0.00 -0.00 0.00 -0.00 0.00 -0.00 
1.00 -0.04 1.00 -0.04 1.00 -0.04 1.00 -0.04 1.00 -0.04 1.00 -0.04 1.00 -0.04 1.00 -0.04 1.00 -0.04 1.00 -0.04 1.00 -0.04 1.00 -0.04 1.00 -0.04 1.00 -0.04 1.00 -0.04 1.00 -0.04 1.00 -0.04 1.00 -0.04 1.00 -0.04 1.00 -0.04 1.00 -0.04 1.00 -0.04 1.00 -0.04 1.00 -0.04 1.00 -0.04 1.00 -0.04 1.00 -0.04 1.00 -0.04 1.00 -0.04 1.00 -0.04 1.00 -0.04 1.00 -0.04 1.00 -0.04 1.00 -0.04 1.00 -0.04 1.00 -0.04 1.00 -0.04 1.00 -0.04 1.00 -0.04 1.00 -0.04 1.00 -0.04 1.00 -0.04 1.00 -0.04 1.00 -0.04 1.00 -0.04 1.00 -0.04 1.00 -0.04 1.00 -0.04 1.00 -0.04 1.00 -0.04 
-0.00 -0.00 -0.00 -0.00 -0.00 -0.00 -0.00 -0.00 -0.00 -0.00 -0.00 -0.00 -0.00 -0.00 -0.00 -0.00 -0.00 -0.00 -0.00 -0.00 -0.00 -0.00 -0.00 -0.00 -0.00 -0.00 -0.00 -0.00 -0.00 -0.00 -0.00 -0.00 -0.00 -0.00 -0.00 -0.00 -0.00 -0.00 -0.00 -0.00 -0.00 -0.00 -0.00 -0.00 -0.00 -0.00 -0.00 -0.00 -0.00 -0.00 -0.00 -0.00 -0.00 -0.00 -0.00 -0.00 -0.00 -0.00 -0.00 -0.00 -0.00 -0.00 -0.00 -0.00 -0.00 -0.00 -0.00 -0.00 -0.00 -0.00 -0.00 -0.00 -0.00 -0.00 -0.00 -0.00 -0.00 -0.00 -0.00 -0.00 -0.00 -0.00 -0.00 -0.00 -0.00 -0.00 -0.00 -0.00 -0.00 -0.00 -0.00 -0.00 -0.00 -0.00 -0.00 -0.00 -0.00 -0.00 -0.00 -0.00 
1.00 -0.05 1.00 -0.05 1.00 -0.05 1.00 -0.05 1.00 -0.05 1.00 -0.05 1.00 -0.05 1.00 -0.05 1.00 -0.05 1.00 -0.05 1.00 -0.05 1.00 -0.05 1.00 -0.05 1.00 -0.05 1.00 -0.05 1.00 -0.05 1.00 -0.05 1.00 -0.05 1.00 -0.05 1.00 -0.05 1.00 -0.05 1.00 -0.05 1.00 -0.05 1.00 -0.05 1.00 -0.05 1.00 -0.05 1.00 -0.05 1.00 -0.05 1.00 -0.05 1.00 -0.05 1.00 -0.05 1.00 -0.05 1.00 -0.05 1.00 -0.05 1.00 -0.05 1.00 -0.05 1.00 -0.05 1.00 -0.05 1.00 -0.05 1.00 -0.05 1.00 -0.05 1.00 -0.05 1.00 -0.05 1.00 -0.05 1.00 -0.05 1.00 -0.05 1.00 -0.05 1.00 -0.05 1.00 -0.05 1.00 -0.05 
0.00 0.00 0.00 0.00 0.00 0.00 0.00 0.00 0.00 0.00 0.00 0.00 0.00 0.00 0.00 0.00 0.00 0.00 0.00 0.00 0.00 0.00 0.00 0.00 0.00 0.00 0.00 0.00 0.00 0.00 0.00 0.00 0.00 0.00 0.00 0.00 0.00 0.00 0.00 0.00 0.00 0.00 0.00 0.00 0.00 0.00 0.00 0.00 0.00 0.00 0.00 0.00 0.00 0.00 0.00 0.00 0.00 0.00 0.00 0.00 0.00 0.00 0.00 0.00 0.00 0.00 0.00 0.00 0.00 0.00 0.00 0.00 0.00 0.00 0.00 0.00 0.00 0.00 0.00 0.00 0.00 0.00 0.00 0.00 0.00 0.00 0.00 0.00 0.00 0.00 0.00 0.00 0.00 0.00 0.00 0.00 0.00 0.00 0.00 0.00 
1.00 -0.05 1.00 -0.05 1.00 -0.05 1.00 -0.05 1.00 -0.05 1.00 -0.05 1.00 -0.05 1.00 -0.05 1.00 -0.05 1.00 -0.05 1.00 -0.05 1.00 -0.05 1.00 -0.05 1.00 -0.05 1.00 -0.05 1.00 -0.05 1.00 -0.05 1.00 -0.05 1.00 -0.05 1.00 -0.05 1.00 -0.05 1.00 -0.05 1.00 -0.05 1.00 -0.05 1.00 -0.05 1.00 -0.05 1.00 -0.05 1.00 -0.05 1.00 -0.05 1.00 -0.05 1.00 -0.05 1.00 -0.05 1.00 -0.05 1.00 -0.05 1.00 -0.05 1.00 -0.05 1.00 -0.05 1.00 -0.05 1.00 -0.05 1.00 -0.05 1.00 -0.05 1.00 -0.05 1.00 -0.05 1.00 -0.05 1.00 -0.05 1.00 -0.05 1.00 -0.05 1.00 -0.05 1.00 -0.05 1.00 -0.05 
0.00 0.00 0.00 0.00 0.00 0.00 0.00 0.00 0.00 0.00 0.00 0.00 0.00 0.00 0.00 0.00 0.00 0.00 0.00 0.00 0.00 0.00 0.00 0.00 0.00 0.00 0.00 0.00 0.00 0.00 0.00 0.00 0.00 0.00 0.00 0.00 0.00 0.00 0.00 0.00 0.00 0.00 0.00 0.00 0.00 0.00 0.00 0.00 0.00 0.00 0.00 0.00 0.00 0.00 0.00 0.00 0.00 0.00 0.00 0.00 0.00 0.00 0.00 0.00 0.00 0.00 0.00 0.00 0.00 0.00 0.00 0.00 0.00 0.00 0.00 0.00 0.00 0.00 0.00 0.00 0.00 0.00 0.00 0.00 0.00 0.00 0.00 0.00 0.00 0.00 0.00 0.00 0.00 0.00 0.00 0.00 0.00 0.00 0.00 0.00 
1.00 -0.06 1.00 -0.06 1.00 -0.06 1.00 -0.06 1.00 -0.06 1.00 -0.06 1.00 -0.06 1.00 -0.06 1.00 -0.06 1.00 -0.06 1.00 -0.06 1.00 -0.06 1.00 -0.06 1.00 -0.06 1.00 -0.06 1.00 -0.06 1.00 -0.06 1.00 -0.06 1.00 -0.06 1.00 -0.06 1.00 -0.06 1.00 -0.06 1.00 -0.06 1.00 -0.06 1.00 -0.06 1.00 -0.06 1.00 -0.06 1.00 -0.06 1.00 -0.06 1.00 -0.06 1.00 -0.06 1.00 -0.06 1.00 -0.06 1.00 -0.06 1.00 -0.06 1.00 -0.06 1.00 -0.06 1.00 -0.06 1.00 -0.06 1.00 -0.06 1.00 -0.06 1.00 -0.06 1.00 -0.06 1.00 -0.06 1.00 -0.06 1.00 -0.06 1.00 -0.06 1.00 -0.06 1.00 -0.06 1.00 -0.06 
0.00 -0.00 0.00 -0.00 0.00 -0.00 0.00 -0.00 0.00 -0.00 0.00 -0.00 0.00 -0.00 0.00 -0.00 0.00 -0.00 0.00 -0.00 0.00 -0.00 0.00 -0.00 0.00 -0.00 0.00 -0.00 0.00 -0.00 0.00 -0.00 0.00 -0.00 0.00 -0.00 0.00 -0.00 0.00 -0.00 0.00 -0.00 0.00 -0.00 0.00 -0.00 0.00 -0.00 0.00 -0.00 0.00 -0.00 0.00 -0.00 0.00 -0.00 0.00 -0.00 0.00 -0.00 0.00 -0.00 0.00 -0.00 0.00 -0.00 0.00 -0.00 0.00 -0.00 0.00 -0.00 0.00 -0.00 0.00 -0.00 0.00 -0.00 0.00 -0.00 0.00 -0.00 0.00 -0.00 0.00 -0.00 0.00 -0.00 0.00 -0.00 0.00 -0.00 0.00 -0.00 0.00 -0.00 0.00 -0.00 0.00 -0.00 
1.00 -0.07 1.00 -0.07 1.00 -0.07 1.00 -0.07 1.00 -0.07 1.00 -0.07 1.00 -0.07 1.00 -0.07 1.00 -0.07 1.00 -0.07 1.00 -0.07 1.00 -0.07 1.00 -0.07 1.00 -0.07 1.00 -0.07 1.00 -0.07 1.00 -0.07 1.00 -0.07 1.00 -0.07 1.00 -0.07 1.00 -0.07 1.00 -0.07 1.00 -0.07 1.00 -0.07 1.00 -0.07 1.00 -0.07 1.00 -0.07 1.00 -0.07 1.00 -0.07 1.00 -0.07 1.00 -0.07 1.00 -0.07 1.00 -0.07 1.00 -0.07 1.00 -0.07 1.00 -0.07 1.00 -0.07 1.00 -0.07 1.00 -0.07 1.00 -0.07 1.00 -0.07 1.00 -0.07 1.00 -0.07 1.00 -0.07 1.00 -0.07 1.00 -0.07 1.00 -0.07 1.00 -0.07 1.00 -0.07 1.00 -0.07 
0.00 0.00 0.00 0.00 0.00 0.00 0.00 0.00 0.00 0.00 0.00 0.00 0.00 0.00 0.00 0.00 0.00 0.00 0.00 0.00 0.00 0.00 0.00 0.00 0.00 0.00 0.00 0.00 0.00 0.00 0.00 0.00 0.00 0.00 0.00 0.00 0.00 0.00 0.00 0.00 0.00 0.00 0.00 0.00 0.00 0.00 0.00 0.00 0.00 0.00 0.00 0.00 0.00 0.00 0.00 0.00 0.00 0.00 0.00 0.00 0.00 0.00 0.00 0.00 0.00 0.00 0.00 0.00 0.00 0.00 0.00 0.00 0.00 0.00 0.00 0.00 0.00 0.00 0.00 0.00 0.00 0.00 0.00 0.00 0.00 0.00 0.00 0.00 0.00 0.00 0.00 0.00 0.00 0.00 0.00 0.00 0.00 0.00 0.00 0.00 
1.00 -0.08 1.00 -0.08 1.00 -0.08 1.00 -0.08 1.00 -0.08 1.00 -0.08 1.00 -0.08 1.00 -0.08 1.00 -0.08 1.00 -0.08 1.00 -0.08 1.00 -0.08 1.00 -0.08 1.00 -0.08 1.00 -0.08 1.00 -0.08 1.00 -0.08 1.00 -0.08 1.00 -0.08 1.00 -0.08 1.00 -0.08 1.00 -0.08 1.00 -0.08 1.00 -0.08 1.00 -0.08 1.00 -0.08 1.00 -0.08 1.00 -0.08 1.00 -0.08 1.00 -0.08 1.00 -0.08 1.00 -0.08 1.00 -0.08 1.00 -0.08 1.00 -0.08 1.00 -0.08 1.00 -0.08 1.00 -0.08 1.00 -0.08 1.00 -0.08 1.00 -0.08 1.00 -0.08 1.00 -0.08 1.00 -0.08 1.00 -0.08 1.00 -0.08 1.00 -0.08 1.00 -0.08 1.00 -0.08 1.00 -0.08 
-0.00 -0.00 -0.00 -0.00 -0.00 -0.00 -0.00 -0.00 -0.00 -0.00 -0.00 -0.00 -0.00 -0.00 -0.00 -0.00 -0.00 -0.00 -0.00 -0.00 -0.00 -0.00 -0.00 -0.00 -0.00 -0.00 -0.00 -0.00 -0.00 -0.00 -0.00 -0.00 -0.00 -0.00 -0.00 -0.00 -0.00 -0.00 -0.00 -0.00 -0.00 -0.00 -0.00 -0.00 -0.00 -0.00 -0.00 -0.00 -0.00 -0.00 -0.00 -0.00 -0.00 -0.00 -0.00 -0.00 -0.00 -0.00 -0.00 -0.00 -0.00 -0.00 -0.00 -0.00 -0.00 -0.00 -0.00 -0.00 -0.00 -0.00 -0.00 -0.00 -0.00 -0.00 -0.00 -0.00 -0.00 -0.00 -0.00 -0.00 -0.00 -0.00 -0.00 -0.00 -0.00 -0.00 -0.00 -0.00 -0.00 -0.00 -0.00 -0.00 -0.00 -0.00 -0.00 -0.00 -0.00 -0.00 -0.00 -0.00 
1.00 -0.09 1.00 -0.09 1.00 -0.09 1.00 -0.09 1.00 -0.09 1.00 -0.09 1.00 -0.09 1.00 -0.09 1.00 -0.09 1.00 -0.09 1.00 -0.09 1.00 -0.09 1.00 -0.09 1.00 -0.09 1.00 -0.09 1.00 -0.09 1.00 -0.09 1.00 -0.09 1.00 -0.09 1.00 -0.09 1.00 -0.09 1.00 -0.09 1.00 -0.09 1.00 -0.09 1.00 -0.09 1.00 -0.09 1.00 -0.09 1.00 -0.09 1.00 -0.09 1.00 -0.09 1.00 -0.09 1.00 -0.09 1.00 -0.09 1.00 -0.09 1.00 -0.09 1.00 -0.09 1.00 -0.09 1.00 -0.09 1.00 -0.09 1.00 -0.09 1.00 -0.09 1.00 -0.09 1.00 -0.09 1.00 -0.09 1.00 -0.09 1.00 -0.09 1.00 -0.09 1.00 -0.09 1.00 -0.09 1.00 -0.09 
0.00 -0.00 0.00 -0.00 0.00 -0.00 0.00 -0.00 0.00 -0.00 0.00 -0.00 0.00 -0.00 0.00 -0.00 0.00 -0.00 0.00 -0.00 0.00 -0.00 0.00 -0.00 0.00 -0.00 0.00 -0.00 0.00 -0.00 0.00 -0.00 0.00 -0.00 0.00 -0.00 0.00 -0.00 0.00 -0.00 0.00 -0.00 0.00 -0.00 0.00 -0.00 0.00 -0.00 0.00 -0.00 0.00 -0.00 0.00 -0.00 0.00 -0.00 0.00 -0.00 0.00 -0.00 0.00 -0.00 0.00 -0.00 0.00 -0.00 0.00 -0.00 0.00 -0.00 0.00 -0.00 0.00 -0.00 0.00 -0.00 0.00 -0.00 0.00 -0.00 0.00 -0.00 0.00 -0.00 0.00 -0.00 0.00 -0.00 0.00 -0.00 0.00 -0.00 0.00 -0.00 0.00 -0.00 0.00 -0.00 0.00 -0.00 
1.00 -0.11 1.00 -0.11 1.00 -0.11 1.00 -0.11 1.00 -0.11 1.00 -0.11 1.00 -0.11 1.00 -0.11 1.00 -0.11 1.00 -0.11 1.00 -0.11 1.00 -0.11 1.00 -0.11 1.00 -0.11 1.00 -0.11 1.00 -0.11 1.00 -0.11 1.00 -0.11 1.00 -0.11 1.00 -0.11 1.00 -0.11 1.00 -0.11 1.00 -0.11 1.00 -0.11 1.00 -0.11 1.00 -0.11 1.00 -0.11 1.00 -0.11 1.00 -0.11 1.00 -0.11 1.00 -0.11 1.00 -0.11 1.00 -0.11 1.00 -0.11 1.00 -0.11 1.00 -0.11 1.00 -0.11 1.00 -0.11 1.00 -0.11 1.00 -0.11 1.00 -0.11 1.00 -0.11 1.00 -0.11 1.00 -0.11 1.00 -0.11 1.00 -0.11 1.00 -0.11 1.00 -0.11 1.00 -0.11 1.00 -0.11 
-0.00 0.00 -0.00 0.00 -0.00 0.00 -0.00 0.00 -0.00 0.00 -0.00 0.00 -0.00 0.00 -0.00 0.00 -0.00 0.00 -0.00 0.00 -0.00 0.00 -0.00 0.00 -0.00 0.00 -0.00 0.00 -0.00 0.00 -0.00 0.00 -0.00 0.00 -0.00 0.00 -0.00 0.00 -0.00 0.00 -0.00 0.00 -0.00 0.00 -0.00 0.00 -0.00 0.00 -0.00 0.00 -0.00 0.00 -0.00 0.00 -0.00 0.00 -0.00 0.00 -0.00 0.00 -0.00 0.00 -0.00 0.00 -0.00 0.00 -0.00 0.00 -0.00 0.00 -0.00 0.00 -0.00 0.00 -0.00 0.00 -0.00 0.00 -0.00 0.00 -0.00 0.00 -0.00 0.00 -0.00 0.00 -0.00 0.00 -0.00 0.00 -0.00 0.00 -0.00 0.00 -0.00 0.00 -0.00 0.00 -0.00 0.00 
1.00 -0.14 1.00 -0.14 1.00 -0.14 1.00 -0.14 1.00 -0.14 1.00 -0.14 1.00 -0.14 1.00 -0.14 1.00 -0.14 1.00 -0.14 1.00 -0.14 1.00 -0.14 1.00 -0.14 1.00 -0.14 1.00 -0.14 1.00 -0.14 1.00 -0.14 1.00 -0.14 1.00 -0.14 1.00 -0.14 1.00 -0.14 1.00 -0.14 1.00 -0.14 1.00 -0.14 1.00 -0.14 1.00 -0.14 1.00 -0.14 1.00 -0.14 1.00 -0.14 1.00 -0.14 1.00 -0.14 1.00 -0.14 1.00 -0.14 1.00 -0.14 1.00 -0.14 1.00 -0.14 1.00 -0.14 1.00 -0.14 1.00 -0.14 1.00 -0.14 1.00 -0.14 1.00 -0.14 1.00 -0.14 1.00 -0.14 1.00 -0.14 1.00 -0.14 1.00 -0.14 1.00 -0.14 1.00 -0.14 1.00 -0.14 
-0.00 0.00 -0.00 0.00 -0.00 0.00 -0.00 0.00 -0.00 0.00 -0.00 0.00 -0.00 0.00 -0.00 0.00 -0.00 0.00 -0.00 0.00 -0.00 0.00 -0.00 0.00 -0.00 0.00 -0.00 0.00 -0.00 0.00 -0.00 0.00 -0.00 0.00 -0.00 0.00 -0.00 0.00 -0.00 0.00 -0.00 0.00 -0.00 0.00 -0.00 0.00 -0.00 0.00 -0.00 0.00 -0.00 0.00 -0.00 0.00 -0.00 0.00 -0.00 0.00 -0.00 0.00 -0.00 0.00 -0.00 0.00 -0.00 0.00 -0.00 0.00 -0.00 0.00 -0.00 0.00 -0.00 0.00 -0.00 0.00 -0.00 0.00 -0.00 0.00 -0.00 0.00 -0.00 0.00 -0.00 0.00 -0.00 0.00 -0.00 0.00 -0.00 0.00 -0.00 0.00 -0.00 0.00 -0.00 0.00 -0.00 0.00 
1.00 -0.17 1.00 -0.17 1.00 -0.17 1.00 -0.17 1.00 -0.17 1.00 -0.17 1.00 -0.17 1.00 -0.17 1.00 -0.17 1.00 -0.17 1.00 -0.17 1.00 -0.17 1.00 -0.17 1.00 -0.17 1.00 -0.17 1.00 -0.17 1.00 -0.17 1.00 -0.17 1.00 -0.17 1.00 -0.17 1.00 -0.17 1.00 -0.17 1.00 -0.17 1.00 -0.17 1.00 -0.17 1.00 -0.17 1.00 -0.17 1.00 -0.17 1.00 -0.17 1.00 -0.17 1.00 -0.17 1.00 -0.17 1.00 -0.17 1.00 -0.17 1.00 -0.17 1.00 -0.17 1.00 -0.17 1.00 -0.17 1.00 -0.17 1.00 -0.17 1.00 -0.17 1.00 -0.17 1.00 -0.17 1.00 -0.17 1.00 -0.17 1.00 -0.17 1.00 -0.17 1.00 -0.17 1.00 -0.17 1.00 -0.17 
-0.00 0.00 -0.00 0.00 -0.00 0.00 -0.00 0.00 -0.00 0.00 -0.00 0.00 -0.00 0.00 -0.00 0.00 -0.00 0.00 -0.00 0.00 -0.00 0.00 -0.00 0.00 -0.00 0.00 -0.00 0.00 -0.00 0.00 -0.00 0.00 -0.00 0.00 -0.00 0.00 -0.00 0.00 -0.00 0.00 -0.00 0.00 -0.00 0.00 -0.00 0.00 -0.00 0.00 -0.00 0.00 -0.00 0.00 -0.00 0.00 -0.00 0.00 -0.00 0.00 -0.00 0.00 -0.00 0.00 -0.00 0.00 -0.00 0.00 -0.00 0.00 -0.00 0.00 -0.00 0.00 -0.00 0.00 -0.00 0.00 -0.00 0.00 -0.00 0.00 -0.00 0.00 -0.00 0.00 -0.00 0.00 -0.00 0.00 -0.00 0.00 -0.00 0.00 -0.00 0.00 -0.00 0.00 -0.00 0.00 -0.00 0.00 
1.00 -0.23 1.00 -0.23 1.00 -0.23 1.00 -0.23 1.00 -0.23 1.00 -0.23 1.00 -0.23 1.00 -0.23 1.00 -0.23 1.00 -0.23 1.00 -0.23 1.00 -0.23 1.00 -0.23 1.00 -0.23 1.00 -0.23 1.00 -0.23 1.00 -0.23 1.00 -0.23 1.00 -0.23 1.00 -0.23 1.00 -0.23 1.00 -0.23 1.00 -0.23 1.00 -0.23 1.00 -0.23 1.00 -0.23 1.00 -0.23 1.00 -0.23 1.00 -0.23 1.00 -0.23 1.00 -0.23 1.00 -0.23 1.00 -0.23 1.00 -0.23 1.00 -0.23 1.00 -0.23 1.00 -0.23 1.00 -0.23 1.00 -0.23 1.00 -0.23 1.00 -0.23 1.00 -0.23 1.00 -0.23 1.00 -0.23 1.00 -0.23 1.00 -0.23 1.00 -0.23 1.00 -0.23 1.00 -0.23 1.00 -0.23 
-0.00 0.00 -0.00 0.00 -0.00 0.00 -0.00 0.00 -0.00 0.00 -0.00 0.00 -0.00 0.00 -0.00 0.00 -0.00 0.00 -0.00 0.00 -0.00 0.00 -0.00 0.00 -0.00 0.00 -0.00 0.00 -0.00 0.00 -0.00 0.00 -0.00 0.00 -0.00 0.00 -0.00 0.00 -0.00 0.00 -0.00 0.00 -0.00 0.00 -0.00 0.00 -0.00 0.00 -0.00 0.00 -0.00 0.00 -0.00 0.00 -0.00 0.00 -0.00 0.00 -0.00 0.00 -0.00 0.00 -0.00 0.00 -0.00 0.00 -0.00 0.00 -0.00 0.00 -0.00 0.00 -0.00 0.00 -0.00 0.00 -0.00 0.00 -0.00 0.00 -0.00 0.00 -0.00 0.00 -0.00 0.00 -0.00 0.00 -0.00 0.00 -0.00 0.00 -0.00 0.00 -0.00 0.00 -0.00 0.00 -0.00 0.00 
1.00 -0.33 1.00 -0.33 1.00 -0.33 1.00 -0.33 1.00 -0.33 1.00 -0.33 1.00 -0.33 1.00 -0.33 1.00 -0.33 1.00 -0.33 1.00 -0.33 1.00 -0.33 1.00 -0.33 1.00 -0.33 1.00 -0.33 1.00 -0.33 1.00 -0.33 1.00 -0.33 1.00 -0.33 1.00 -0.33 1.00 -0.33 1.00 -0.33 1.00 -0.33 1.00 -0.33 1.00 -0.33 1.00 -0.33 1.00 -0.33 1.00 -0.33 1.00 -0.33 1.00 -0.33 1.00 -0.33 1.00 -0.33 1.00 -0.33 1.00 -0.33 1.00 -0.33 1.00 -0.33 1.00 -0.33 1.00 -0.33 1.00 -0.33 1.00 -0.33 1.00 -0.33 1.00 -0.33 1.00 -0.33 1.00 -0.33 1.00 -0.33 1.00 -0.33 1.00 -0.33 1.00 -0.33 1.00 -0.33 1.00 -0.33 
-0.00 0.00 -0.00 0.00 -0.00 0.00 -0.00 0.00 -0.00 0.00 -0.00 0.00 -0.00 0.00 -0.00 0.00 -0.00 0.00 -0.00 0.00 -0.00 0.00 -0.00 0.00 -0.00 0.00 -0.00 0.00 -0.00 0.00 -0.00 0.00 -0.00 0.00 -0.00 0.00 -0.00 0.00 -0.00 0.00 -0.00 0.00 -0.00 0.00 -0.00 0.00 -0.00 0.00 -0.00 0.00 -0.00 0.00 -0.00 0.00 -0.00 0.00 -0.00 0.00 -0.00 0.00 -0.00 0.00 -0.00 0.00 -0.00 0.00 -0.00 0.00 -0.00 0.00 -0.00 0.00 -0.00 0.00 -0.00 0.00 -0.00 0.00 -0.00 0.00 -0.00 0.00 -0.00 0.00 -0.00 0.00 -0.00 0.00 -0.00 0.00 -0.00 0.00 -0.00 0.00 -0.00 0.00 -0.00 0.00 -0.00 0.00 
1.00 -0.52 1.00 -0.52 1.00 -0.52 1.00 -0.52 1.00 -0.52 1.00 -0.52 1.00 -0.52 1.00 -0.52 1.00 -0.52 1.00 -0.52 1.00 -0.52 1.00 -0.52 1.00 -0.52 1.00 -0.52 1.00 -0.52 1.00 -0.52 1.00 -0.52 1.00 -0.52 1.00 -0.52 1.00 -0.52 1.00 -0.52 1.00 -0.52 1.00 -0.52 1.00 -0.52 1.00 -0.52 1.00 -0.52 1.00 -0.52 1.00 -0.52 1.00 -0.52 1.00 -0.52 1.00 -0.52 1.00 -0.52 1.00 -0.52 1.00 -0.52 1.00 -0.52 1.00 -0.52 1.00 -0.52 1.00 -0.52 1.00 -0.52 1.00 -0.52 1.00 -0.52 1.00 -0.52 1.00 -0.52 1.00 -0.52 1.00 -0.52 1.00 -0.52 1.00 -0.52 1.00 -0.52 1.00 -0.52 1.00 -0.52 
-0.00 0.00 -0.00 0.00 -0.00 0.00 -0.00 0.00 -0.00 0.00 -0.00 0.00 -0.00 0.00 -0.00 0.00 -0.00 0.00 -0.00 0.00 -0.00 0.00 -0.00 0.00 -0.00 0.00 -0.00 0.00 -0.00 0.00 -0.00 0.00 -0.00 0.00 -0.00 0.00 -0.00 0.00 -0.00 0.00 -0.00 0.00 -0.00 0.00 -0.00 0.00 -0.00 0.00 -0.00 0.00 -0.00 0.00 -0.00 0.00 -0.00 0.00 -0.00 0.00 -0.00 0.00 -0.00 0.00 -0.00 0.00 -0.00 0.00 -0.00 0.00 -0.00 0.00 -0.00 0.00 -0.00 0.00 -0.00 0.00 -0.00 0.00 -0.00 0.00 -0.00 0.00 -0.00 0.00 -0.00 0.00 -0.00 0.00 -0.00 0.00 -0.00 0.00 -0.00 0.00 -0.00 0.00 -0.00 0.00 -0.00 0.00 
1.00 -0.92 1.00 -0.92 1.00 -0.92 1.00 -0.92 1.00 -0.92 1.00 -0.92 1.00 -0.92 1.00 -0.92 1.00 -0.92 1.00 -0.92 1.00 -0.92 1.00 -0.92 1.00 -0.92 1.00 -0.92 1.00 -0.92 1.00 -0.92 1.00 -0.92 1.00 -0.92 1.00 -0.92 1.00 -0.92 1.00 -0.92 1.00 -0.92 1.00 -0.92 1.00 -0.92 1.00 -0.92 1.00 -0.92 1.00 -0.92 1.00 -0.92 1.00 -0.92 1.00 -0.92 1.00 -0.92 1.00 -0.92 1.00 -0.92 1.00 -0.92 1.00 -0.92 1.00 -0.92 1.00 -0.92 1.00 -0.92 1.00 -0.92 1.00 -0.92 1.00 -0.92 1.00 -0.92 1.00 -0.92 1.00 -0.92 1.00 -0.92 1.00 -0.92 1.00 -0.92 1.00 -0.92 1.00 -0.92 1.00 -0.92 
-0.00 -0.00 -0.00 -0.00 -0.00 -0.00 -0.00 -0.00 -0.00 -0.00 -0.00 -0.00 -0.00 -0.00 -0.00 -0.00 -0.00 -0.00 -0.00 -0.00 -0.00 -0.00 -0.00 -0.00 -0.00 -0.00 -0.00 -0.00 -0.00 -0.00 -0.00 -0.00 -0.00 -0.00 -0.00 -0.00 -0.00 -0.00 -0.00 -0.00 -0.00 -0.00 -0.00 -0.00 -0.00 -0.00 -0.00 -0.00 -0.00 -0.00 -0.00 -0.00 -0.00 -0.00 -0.00 -0.00 -0.00 -0.00 -0.00 -0.00 -0.00 -0.00 -0.00 -0.00 -0.00 -0.00 -0.00 -0.00 -0.00 -0.00 -0.00 -0.00 -0.00 -0.00 -0.00 -0.00 -0.00 -0.00 -0.00 -0.00 -0.00 -0.00 -0.00 -0.00 -0.00 -0.00 -0.00 -0.00 -0.00 -0.00 -0.00 -0.00 -0.00 -0.00 -0.00 -0.00 -0.00 -0.00 -0.00 -0.00 
1.00 -2.13 1.00 -2.13 1.00 -2.13 1.00 -2.13 1.00 -2.13 1.00 -2.13 1.00 -2.13 1.00 -2.13 1.00 -2.13 1.00 -2.13 1.00 -2.13 1.00 -2.13 1.00 -2.13 1.00 -2.13 1.00 -2.13 1.00 -2.13 1.00 -2.13 1.00 -2.13 1.00 -2.13 1.00 -2.13 1.00 -2.13 1.00 -2.13 1.00 -2.13 1.00 -2.13 1.00 -2.13 1.00 -2.13 1.00 -2.13 1.00 -2.13 1.00 -2.13 1.00 -2.13 1.00 -2.13 1.00 -2.13 1.00 -2.13 1.00 -2.13 1.00 -2.13 1.00 -2.13 1.00 -2.13 1.00 -2.13 1.00 -2.13 1.00 -2.13 1.00 -2.13 1.00 -2.13 1.00 -2.13 1.00 -2.13 1.00 -2.13 1.00 -2.13 1.00 -2.13 1.00 -2.13 1.00 -2.13 1.00 -2.13 
-0.00 -0.00 -0.00 -0.00 -0.00 -0.00 -0.00 -0.00 -0.00 -0.00 -0.00 -0.00 -0.00 -0.00 -0.00 -0.00 -0.00 -0.00 -0.00 -0.00 -0.00 -0.00 -0.00 -0.00 -0.00 -0.00 -0.00 -0.00 -0.00 -0.00 -0.00 -0.00 -0.00 -0.00 -0.00 -0.00 -0.00 -0.00 -0.00 -0.00 -0.00 -0.00 -0.00 -0.00 -0.00 -0.00 -0.00 -0.00 -0.00 -0.00 -0.00 -0.00 -0.00 -0.00 -0.00 -0.00 -0.00 -0.00 -0.00 -0.00 -0.00 -0.00 -0.00 -0.00 -0.00 -0.00 -0.00 -0.00 -0.00 -0.00 -0.00 -0.00 -0.00 -0.00 -0.00 -0.00 -0.00 -0.00 -0.00 -0.00 -0.00 -0.00 -0.00 -0.00 -0.00 -0.00 -0.00 -0.00 -0.00 -0.00 -0.00 -0.00 -0.00 -0.00 -0.00 -0.00 -0.00 -0.00 -0.00 -0.00 
1.00 -10.62 1.00 -10.62 1.00 -10.62 1.00 -10.62 1.00 -10.62 1.00 -10.62 1.00 -10.62 1.00 -10.62 1.00 -10.62 1.00 -10.62 1.00 -10.62 1.00 -10.62 1.00 -10.62 1.00 -10.62 1.00 -10.62 1.00 -10.62 1.00 -10.62 1.00 -10.62 1.00 -10.62 1.00 -10.62 1.00 -10.62 1.00 -10.62 1.00 -10.62 1.00 -10.62 1.00 -10.62 1.00 -10.62 1.00 -10.62 1.00 -10.62 1.00 -10.62 1.00 -10.62 1.00 -10.62 1.00 -10.62 1.00 -10.62 1.00 -10.62 1.00 -10.62 1.00 -10.62 1.00 -10.62 1.00 -10.62 1.00 -10.62 1.00 -10.62 1.00 -10.62 1.00 -10.62 1.00 -10.62 1.00 -10.62 1.00 -10.62 1.00 -10.62 1.00 -10.62 1.00 -10.62 1.00 -10.62 1.00 -10.62 
25.00 0.00 25.00 0.00 25.00 0.00 25.00 0.00 25.00 0.00 25.00 0.00 25.00 0.00 25.00 0.00 25.00 0.00 25.00 0.00 25.00 0.00 25.00 0.00 25.00 0.00 25.00 0.00 25.00 0.00 25.00 0.00 25.00 0.00 25.00 0.00 25.00 0.00 25.00 0.00 25.00 0.00 25.00 0.00 25.00 0.00 25.00 0.00 25.00 0.00 25.00 0.00 25.00 0.00 25.00 0.00 25.00 0.00 25.00 0.00 25.00 0.00 25.00 0.00 25.00 0.00 25.00 0.00 25.00 0.00 25.00 0.00 25.00 0.00 25.00 0.00 25.00 0.00 25.00 0.00 25.00 0.00 25.00 0.00 25.00 0.00 25.00 0.00 25.00 0.00 25.00 0.00 25.00 0.00 25.00 0.00 25.00 0.00 25.00 0.00 
